2.301878316311280287e+03
1.223018783163112239e+05
2.423018783163111657e+05
3.623018783163111075e+05
4.823018783163110493e+05
6.023018783163110493e+05
7.223018783163109329e+05
8.423018783163108164e+05
9.623018783163108164e+05
1.082301878316310700e+06
1.202301878316310700e+06
1.322301878316310467e+06
1.442301878316310467e+06
1.562301878316310467e+06
1.682301878316310234e+06
1.802301878316310234e+06
1.922301878316310234e+06
2.042301878316310234e+06
2.162301878316310234e+06
2.282301878316310234e+06
2.402301878316310234e+06
2.522301878316309769e+06
2.642301878316309769e+06
2.762301878316309769e+06
2.882301878316309769e+06
3.002301878316309769e+06
3.122301878316309769e+06
3.242301878316309769e+06
3.362301878316309303e+06
