-3.452268681415765081e+06
-3.332268681415765081e+06
-3.212268681415765081e+06
-3.092268681415765081e+06
-2.972268681415765081e+06
-2.852268681415765081e+06
-2.732268681415765081e+06
-2.612268681415765081e+06
-2.492268681415765081e+06
-2.372268681415765081e+06
-2.252268681415765081e+06
-2.132268681415765081e+06
-2.012268681415765081e+06
-1.892268681415765081e+06
-1.772268681415765081e+06
-1.652268681415765081e+06
-1.532268681415765081e+06
-1.412268681415765081e+06
-1.292268681415765081e+06
-1.172268681415765081e+06
-1.052268681415765081e+06
-9.322686814157650806e+05
-8.122686814157650806e+05
-6.922686814157650806e+05
-5.722686814157650806e+05
-4.522686814157650806e+05
-3.322686814157650806e+05
-2.122686814157650806e+05
-9.226868141576508060e+04
2.773131858423491940e+04
1.477313185842349194e+05
2.677313185842349194e+05
3.877313185842349194e+05
5.077313185842349194e+05
6.277313185842349194e+05
7.477313185842349194e+05
