1.680145306185769150e+05 2.000000000000000000e+03
1.680128866624108341e+05 6.000000000000000000e+03
1.680100700446703413e+05 1.000000000000000000e+04
1.680045704128082434e+05 1.400000000000000000e+04
1.680027339246509946e+05 1.800000000000000000e+04
1.679735348404890392e+05 2.200000000000000000e+04
1.679555649772788456e+05 2.600000000000000000e+04
1.660000000000000000e+05 2.833837714593387864e+04
1.644440718055223115e+05 3.000000000000000000e+04
1.644439969317030045e+05 3.400000000000000000e+04
1.644209967188175651e+05 3.800000000000000000e+04
1.644201272117197514e+05 4.200000000000000000e+04
1.643950376206958608e+05 4.600000000000000000e+04
1.643937380095668486e+05 5.000000000000000000e+04
1.643669596066342783e+05 5.400000000000000000e+04
1.643110931196817255e+05 5.800000000000000000e+04
1.620000000000000000e+05 6.039505634959058807e+04
1.605028309382336156e+05 6.200000000000000000e+04
1.604991165024845395e+05 6.600000000000000000e+04
1.604715388029603055e+05 7.000000000000000000e+04
1.604424374756561301e+05 7.400000000000000000e+04
1.603571688284066913e+05 7.800000000000000000e+04
1.580000000000000000e+05 8.040578832202758349e+04
1.565392501208757749e+05 8.200000000000000000e+04
1.564840847210374195e+05 8.600000000000000000e+04
1.564561926232994883e+05 9.000000000000000000e+04
1.540000000000000000e+05 9.250026646006044757e+04
1.525770703583677532e+05 9.400000000000000000e+04
1.525182389250127890e+05 9.800000000000000000e+04
1.524588695821662550e+05 1.020000000000000000e+05
1.500000000000000000e+05 1.045037775835615321e+05
1.485570898002406757e+05 1.060000000000000000e+05
1.485266656479124213e+05 1.100000000000000000e+05
1.460000000000000000e+05 1.125718299318485952e+05
1.446217523994740914e+05 1.140000000000000000e+05
1.445321250920353923e+05 1.180000000000000000e+05
1.444730682632118405e+05 1.220000000000000000e+05
1.420000000000000000e+05 1.245186819933735533e+05
1.405967160899864684e+05 1.260000000000000000e+05
1.404741181591570494e+05 1.300000000000000000e+05
1.380000000000000000e+05 1.325191748183124582e+05
1.365968576055709564e+05 1.340000000000000000e+05
1.364749655381617486e+05 1.380000000000000000e+05
1.340000000000000000e+05 1.405193081429390877e+05
1.325727361244489730e+05 1.420000000000000000e+05
1.324178017385994317e+05 1.460000000000000000e+05
1.300000000000000000e+05 1.484622242787087162e+05
1.285468601283902535e+05 1.500000000000000000e+05
1.260000000000000000e+05 1.525521911234296567e+05
1.246026983543524402e+05 1.540000000000000000e+05
1.245188318193288724e+05 1.580000000000000000e+05
1.220000000000000000e+05 1.605215107474411489e+05
1.205495917445552623e+05 1.620000000000000000e+05
1.180000000000000000e+05 1.645939697108521650e+05
1.166205019394178089e+05 1.660000000000000000e+05
1.164920313557535846e+05 1.700000000000000000e+05
1.140000000000000000e+05 1.724953536909283139e+05
1.125499342793902906e+05 1.740000000000000000e+05
1.100000000000000000e+05 1.765928304611084459e+05
1.085947527366739814e+05 1.780000000000000000e+05
1.060000000000000000e+05 1.805966217972204904e+05
1.046216769844525115e+05 1.820000000000000000e+05
1.044653978683079476e+05 1.860000000000000000e+05
1.020000000000000000e+05 1.884690575262859347e+05
1.004987495798615273e+05 1.900000000000000000e+05
9.800000000000000000e+04 1.925397087883998174e+05
9.656741891408145602e+04 1.940000000000000000e+05
9.400000000000000000e+04 1.965696712157201255e+05
9.259561607043768163e+04 1.980000000000000000e+05
9.000000000000000000e+04 2.006423647786762740e+05
8.864332979587340378e+04 2.020000000000000000e+05
8.600000000000000000e+04 2.046480081978551461e+05
8.464729417292888684e+04 2.060000000000000000e+05
8.200000000000000000e+04 2.085987182438488526e+05
8.059857106481611845e+04 2.100000000000000000e+05
7.800000000000000000e+04 2.125967960997834161e+05
7.659653031112210010e+04 2.140000000000000000e+05
7.400000000000000000e+04 2.165953307743112673e+05
7.256940532637262368e+04 2.180000000000000000e+05
7.000000000000000000e+04 2.205681710601068917e+05
6.856749152154076728e+04 2.220000000000000000e+05
6.600000000000000000e+04 2.245665387890033307e+05
6.453890190541957418e+04 2.260000000000000000e+05
6.200000000000000000e+04 2.284959464571792923e+05
5.800000000000000000e+04 2.286226908456419187e+05
5.659711192852226668e+04 2.300000000000000000e+05
5.400000000000000000e+04 2.325944851380751352e+05
5.256759156082496338e+04 2.340000000000000000e+05
5.000000000000000000e+04 2.365273273340920277e+05
4.847033199442405021e+04 2.380000000000000000e+05
4.600000000000000000e+04 2.404636558742485649e+05
4.200000000000000000e+04 2.406191954355642956e+05
4.056731995727266622e+04 2.420000000000000000e+05
3.800000000000000000e+04 2.445241073292729270e+05
3.646687018084665033e+04 2.460000000000000000e+05
3.400000000000000000e+04 2.484622353992555581e+05
3.000000000000000000e+04 2.485931551539573993e+05
2.853874821808026536e+04 2.500000000000000000e+05
2.600000000000000000e+04 2.524918146020299755e+05
2.200000000000000000e+04 2.526185900908280164e+05
2.056636493008614707e+04 2.540000000000000000e+05
1.800000000000000000e+04 2.565197215468847135e+05
1.400000000000000000e+04 2.566188113706360164e+05
1.256641541085724748e+04 2.580000000000000000e+05
1.000000000000000000e+04 2.605195090563873528e+05
6.000000000000000000e+03 2.606186183808807109e+05
4.566184214095612333e+03 2.620000000000000000e+05
2.000000000000000000e+03 2.645190344960581278e+05
-2.000000000000000000e+03 2.645809345439426252e+05
-3.499669780144507058e+03 2.660000000000000000e+05
-6.000000000000000000e+03 2.684906895726154326e+05
-1.000000000000000000e+04 2.685498185812716838e+05
-1.156435764226067658e+04 2.700000000000000000e+05
-1.400000000000000000e+04 2.723915589648581226e+05
-1.800000000000000000e+04 2.725188375749899424e+05
-2.200000000000000000e+04 2.725535257679147180e+05
-2.353100021524008116e+04 2.740000000000000000e+05
-2.600000000000000000e+04 2.764226169499775860e+05
-3.000000000000000000e+04 2.765188098712742794e+05
-3.400000000000000000e+04 2.765517116356259794e+05
-3.556286567517393996e+04 2.780000000000000000e+05
-3.800000000000000000e+04 2.803884960755794891e+05
-4.200000000000000000e+04 2.804569346840438084e+05
-4.600000000000000000e+04 2.805461009610617184e+05
-5.000000000000000000e+04 2.805804364678373095e+05
-5.400000000000000000e+04 2.844198505707133445e+05
-5.800000000000000000e+04 2.844557522797777783e+05
-6.200000000000000000e+04 2.845190105440115440e+05
-6.600000000000000000e+04 2.845514570597010315e+05
-7.000000000000000000e+04 2.845819271814195090e+05
-7.400000000000000000e+04 2.883881310604002210e+05
-7.800000000000000000e+04 2.884226651455832762e+05
-8.200000000000000000e+04 2.884556632279479527e+05
-8.600000000000000000e+04 2.884878385855621309e+05
-9.000000000000000000e+04 2.885222965888847830e+05
-9.400000000000000000e+04 2.885504821673974511e+05
-9.800000000000000000e+04 2.885535019044176443e+05
-1.020000000000000000e+05 2.885564205048462609e+05
-1.060000000000000000e+05 2.885587951886475203e+05
-1.100000000000000000e+05 2.885605630537206307e+05
-1.140000000000000000e+05 2.922883865505952854e+05
-1.180000000000000000e+05 2.923210529511292116e+05
-1.220000000000000000e+05 2.923207316369457985e+05
-1.260000000000000000e+05 2.922874041127727251e+05
-1.300000000000000000e+05 2.885580240535897319e+05
-1.340000000000000000e+05 2.885554343750181724e+05
-1.380000000000000000e+05 2.885523878904568264e+05
-1.420000000000000000e+05 2.885493026984595926e+05
-1.460000000000000000e+05 2.885209244011728442e+05
-1.500000000000000000e+05 2.884858969562488492e+05
-1.540000000000000000e+05 2.884549724095214042e+05
-1.580000000000000000e+05 2.884223869522855966e+05
-1.620000000000000000e+05 2.883873721601364668e+05
-1.660000000000000000e+05 2.883530388852498727e+05
-1.700000000000000000e+05 2.845507852821595734e+05
-1.740000000000000000e+05 2.845188194401169312e+05
-1.780000000000000000e+05 2.844544840253466391e+05
-1.820000000000000000e+05 2.844189770031679654e+05
-1.860000000000000000e+05 2.843201952558279154e+05
-1.900000000000000000e+05 2.805206630032855319e+05
-1.940000000000000000e+05 2.804906810853338102e+05
-1.980000000000000000e+05 2.803880929230792681e+05
-2.004389431980535737e+05 2.780000000000000000e+05
-2.020000000000000000e+05 2.765267157546895323e+05
-2.060000000000000000e+05 2.764913095894969301e+05
-2.100000000000000000e+05 2.763911776062365388e+05
-2.124399837443597207e+05 2.740000000000000000e+05
-2.140000000000000000e+05 2.725272849973341217e+05
-2.180000000000000000e+05 2.724910567597647896e+05
-2.220000000000000000e+05 2.723900119441841380e+05
-2.244370689097932773e+05 2.700000000000000000e+05
-2.260000000000000000e+05 2.684975087820187910e+05
-2.300000000000000000e+05 2.684617696545507642e+05
-2.325100755469274882e+05 2.660000000000000000e+05
-2.340000000000000000e+05 2.645666924415144022e+05
-2.380000000000000000e+05 2.644629473386400496e+05
-2.420000000000000000e+05 2.643252153290479910e+05
-2.443694250542746158e+05 2.620000000000000000e+05
-2.460000000000000000e+05 2.604639861715993029e+05
-2.500000000000000000e+05 2.602935936056505598e+05
-2.523366738721249567e+05 2.580000000000000000e+05
-2.540000000000000000e+05 2.564646713614593900e+05
-2.565115792053066543e+05 2.540000000000000000e+05
-2.580000000000000000e+05 2.525414166182111949e+05
-2.620000000000000000e+05 2.524343735208187136e+05
-2.644816603370030643e+05 2.500000000000000000e+05
-2.660000000000000000e+05 2.485127072921543731e+05
-2.700000000000000000e+05 2.483698777273797314e+05
-2.724176604582524160e+05 2.460000000000000000e+05
-2.740000000000000000e+05 2.444813124766983965e+05
-2.764850994322501356e+05 2.420000000000000000e+05
-2.780000000000000000e+05 2.405156141312046093e+05
-2.820000000000000000e+05 2.403393370409867493e+05
-2.843854207059871987e+05 2.380000000000000000e+05
-2.860000000000000000e+05 2.364518759080697200e+05
-2.884558735924414941e+05 2.340000000000000000e+05
-2.900000000000000000e+05 2.324874461297395464e+05
-2.925340706384943333e+05 2.300000000000000000e+05
-2.940000000000000000e+05 2.285633194471215247e+05
-2.980000000000000000e+05 2.283847393504936481e+05
-3.003875358347781585e+05 2.260000000000000000e+05
-3.020000000000000000e+05 2.244219143052019936e+05
-3.044248134367890889e+05 2.220000000000000000e+05
-3.060000000000000000e+05 2.204571139932482620e+05
-3.085020129798387061e+05 2.180000000000000000e+05
-3.100000000000000000e+05 2.165321746714019682e+05
-3.125332766193222487e+05 2.140000000000000000e+05
-3.140000000000000000e+05 2.125342137387816329e+05
-3.165350705595371546e+05 2.100000000000000000e+05
-3.180000000000000000e+05 2.085358100378170784e+05
-3.205365761199086555e+05 2.060000000000000000e+05
-3.220000000000000000e+05 2.045640608022192609e+05
-3.246153361471059034e+05 2.020000000000000000e+05
-3.260000000000000000e+05 2.006159181961593276e+05
-3.285667211741114152e+05 1.980000000000000000e+05
-3.300000000000000000e+05 1.965382634614555864e+05
-3.325348934974270524e+05 1.940000000000000000e+05
-3.340000000000000000e+05 1.925342914993004524e+05
-3.365332093047376256e+05 1.900000000000000000e+05
-3.380000000000000000e+05 1.885326464891931973e+05
-3.405317228438853635e+05 1.860000000000000000e+05
-3.420000000000000000e+05 1.845017401210508542e+05
-3.444557309821006493e+05 1.820000000000000000e+05
-3.460000000000000000e+05 1.804546932035242207e+05
-3.484520950966196833e+05 1.780000000000000000e+05
-3.500000000000000000e+05 1.763863824171248416e+05
-3.523841422015161370e+05 1.740000000000000000e+05
-3.525620446126640309e+05 1.700000000000000000e+05
-3.540000000000000000e+05 1.685325207680521999e+05
-3.564845811964957975e+05 1.660000000000000000e+05
-3.580000000000000000e+05 1.644530278242866625e+05
-3.604501044170075911e+05 1.620000000000000000e+05
-3.620000000000000000e+05 1.603837178700210934e+05
-3.643360049680937664e+05 1.580000000000000000e+05
-3.645120575512734358e+05 1.540000000000000000e+05
-3.660000000000000000e+05 1.524515117571777373e+05
-3.684062857374864398e+05 1.500000000000000000e+05
-3.685417147394272033e+05 1.460000000000000000e+05
-3.700000000000000000e+05 1.444836760827073012e+05
-3.724808305306378752e+05 1.420000000000000000e+05
-3.740000000000000000e+05 1.404169216952993884e+05
-3.763680933134274092e+05 1.380000000000000000e+05
-3.765102296096337959e+05 1.340000000000000000e+05
-3.780000000000000000e+05 1.324172240940680495e+05
-3.803681925540523371e+05 1.300000000000000000e+05
-3.805102529974330682e+05 1.260000000000000000e+05
-3.820000000000000000e+05 1.244170365709826001e+05
-3.843678721798111801e+05 1.220000000000000000e+05
-3.844684373371559777e+05 1.180000000000000000e+05
-3.860000000000000000e+05 1.163404161750472849e+05
-3.882939826775128604e+05 1.140000000000000000e+05
-3.884329270200225874e+05 1.100000000000000000e+05
-3.885390782070675050e+05 1.060000000000000000e+05
-3.900000000000000000e+05 1.044495611149920005e+05
-3.924004781028774451e+05 1.020000000000000000e+05
-3.924676092984545976e+05 9.800000000000000000e+04
-3.940000000000000000e+05 9.633921159576174978e+04
-3.962892909750679391e+05 9.400000000000000000e+04
-3.964315922997598536e+05 9.000000000000000000e+04
-3.964682279906069161e+05 8.600000000000000000e+04
-3.965396336267468287e+05 8.200000000000000000e+04
-3.980000000000000000e+05 8.044952284775052976e+04
-4.004002691826256341e+05 7.800000000000000000e+04
-4.004636115534296259e+05 7.400000000000000000e+04
-4.005385871396526927e+05 7.000000000000000000e+04
-4.020000000000000000e+05 6.838305751305585727e+04
-4.042899757390800514e+05 6.600000000000000000e+04
-4.043636874173657852e+05 6.200000000000000000e+04
-4.044321161663034000e+05 5.800000000000000000e+04
-4.044690361881112913e+05 5.400000000000000000e+04
-4.045390194081100053e+05 5.000000000000000000e+04
-4.060000000000000000e+05 4.838300628716585925e+04
-4.082892593705789768e+05 4.600000000000000000e+04
-4.083606957835115027e+05 4.200000000000000000e+04
-4.083647109467515256e+05 3.800000000000000000e+04
-4.084317798689699266e+05 3.400000000000000000e+04
-4.084649529108223505e+05 3.000000000000000000e+04
-4.084687509419383132e+05 2.600000000000000000e+04
-4.084728231660895981e+05 2.200000000000000000e+04
-4.085000610216820496e+05 1.800000000000000000e+04
-4.085019679409534438e+05 1.400000000000000000e+04
-4.085037042945122230e+05 1.000000000000000000e+04
-4.085049734085983946e+05 6.000000000000000000e+03
-4.085058770369777340e+05 2.000000000000000000e+03
