-1.241192405890196329e+06
-1.226192405890196329e+06
-1.211192405890196329e+06
-1.196192405890196329e+06
-1.181192405890196329e+06
-1.166192405890196329e+06
-1.151192405890196329e+06
-1.136192405890196329e+06
-1.121192405890196329e+06
-1.106192405890196329e+06
-1.091192405890196329e+06
-1.076192405890196329e+06
-1.061192405890196329e+06
-1.046192405890196329e+06
-1.031192405890196329e+06
-1.016192405890196329e+06
-1.001192405890196329e+06
-9.861924058901963290e+05
-9.711924058901963290e+05
-9.561924058901963290e+05
-9.411924058901963290e+05
-9.261924058901963290e+05
-9.111924058901963290e+05
-8.961924058901963290e+05
-8.811924058901963290e+05
-8.661924058901963290e+05
-8.511924058901963290e+05
-8.361924058901963290e+05
-8.211924058901963290e+05
-8.061924058901963290e+05
-7.911924058901963290e+05
-7.761924058901963290e+05
-7.611924058901963290e+05
-7.461924058901963290e+05
-7.311924058901963290e+05
-7.161924058901963290e+05
-7.011924058901963290e+05
-6.861924058901963290e+05
-6.711924058901963290e+05
-6.561924058901963290e+05
-6.411924058901963290e+05
-6.261924058901963290e+05
-6.111924058901963290e+05
-5.961924058901963290e+05
-5.811924058901963290e+05
-5.661924058901963290e+05
-5.511924058901963290e+05
-5.361924058901963290e+05
-5.211924058901963290e+05
-5.061924058901963290e+05
-4.911924058901963290e+05
-4.761924058901963290e+05
-4.611924058901963290e+05
-4.461924058901963290e+05
-4.311924058901963290e+05
-4.161924058901963290e+05
-4.011924058901963290e+05
-3.861924058901963290e+05
-3.711924058901963290e+05
-3.561924058901963290e+05
-3.411924058901963290e+05
-3.261924058901963290e+05
-3.111924058901963290e+05
-2.961924058901963290e+05
-2.811924058901963290e+05
-2.661924058901963290e+05
-2.511924058901963290e+05
-2.361924058901963290e+05
-2.211924058901963290e+05
-2.061924058901963290e+05
-1.911924058901963290e+05
-1.761924058901963290e+05
-1.611924058901963290e+05
-1.461924058901963290e+05
-1.311924058901963290e+05
-1.161924058901963290e+05
-1.011924058901963290e+05
-8.619240589019632898e+04
-7.119240589019632898e+04
-5.619240589019632898e+04
-4.119240589019632898e+04
-2.619240589019632898e+04
-1.119240589019632898e+04
3.807594109803671017e+03
1.880759410980367102e+04
3.380759410980367102e+04
