-8.369688458379814401e+05
-8.309688458379814401e+05
-8.249688458379814401e+05
-8.189688458379814401e+05
-8.129688458379814401e+05
-8.069688458379814401e+05
-8.009688458379814401e+05
-7.949688458379814401e+05
-7.889688458379814401e+05
-7.829688458379814401e+05
-7.769688458379814401e+05
-7.709688458379814401e+05
-7.649688458379814401e+05
-7.589688458379814401e+05
-7.529688458379814401e+05
-7.469688458379814401e+05
-7.409688458379814401e+05
-7.349688458379814401e+05
-7.289688458379814401e+05
-7.229688458379814401e+05
-7.169688458379814401e+05
-7.109688458379814401e+05
-7.049688458379814401e+05
-6.989688458379814401e+05
-6.929688458379814401e+05
-6.869688458379814401e+05
-6.809688458379814401e+05
-6.749688458379814401e+05
-6.689688458379814401e+05
-6.629688458379814401e+05
-6.569688458379814401e+05
-6.509688458379814401e+05
-6.449688458379814401e+05
-6.389688458379814401e+05
-6.329688458379814401e+05
-6.269688458379814401e+05
-6.209688458379814401e+05
-6.149688458379814401e+05
-6.089688458379814401e+05
-6.029688458379814401e+05
-5.969688458379814401e+05
-5.909688458379814401e+05
-5.849688458379814401e+05
-5.789688458379814401e+05
-5.729688458379814401e+05
-5.669688458379814401e+05
-5.609688458379814401e+05
-5.549688458379814401e+05
-5.489688458379814401e+05
-5.429688458379814401e+05
-5.369688458379814401e+05
-5.309688458379814401e+05
-5.249688458379814401e+05
-5.189688458379814401e+05
-5.129688458379814401e+05
-5.069688458379814401e+05
-5.009688458379814401e+05
-4.949688458379814401e+05
-4.889688458379814401e+05
-4.829688458379814401e+05
-4.769688458379814401e+05
-4.709688458379814401e+05
-4.649688458379814401e+05
-4.589688458379814401e+05
-4.529688458379814401e+05
-4.469688458379814401e+05
-4.409688458379814401e+05
-4.349688458379814401e+05
-4.289688458379814401e+05
-4.229688458379814401e+05
-4.169688458379814401e+05
-4.109688458379814401e+05
-4.049688458379814401e+05
-3.989688458379814401e+05
-3.929688458379814401e+05
-3.869688458379814401e+05
-3.809688458379814401e+05
-3.749688458379814401e+05
-3.689688458379814401e+05
-3.629688458379814401e+05
-3.569688458379814401e+05
-3.509688458379814401e+05
-3.449688458379814401e+05
-3.389688458379814401e+05
-3.329688458379814401e+05
-3.269688458379814401e+05
-3.209688458379814401e+05
-3.149688458379814401e+05
-3.089688458379814401e+05
-3.029688458379814401e+05
-2.969688458379814401e+05
-2.909688458379814401e+05
-2.849688458379814401e+05
-2.789688458379814401e+05
-2.729688458379814401e+05
-2.669688458379814401e+05
-2.609688458379814401e+05
-2.549688458379814401e+05
-2.489688458379814401e+05
-2.429688458379814401e+05
-2.369688458379814401e+05
-2.309688458379814401e+05
-2.249688458379814401e+05
-2.189688458379814401e+05
-2.129688458379814401e+05
-2.069688458379814401e+05
-2.009688458379814401e+05
-1.949688458379814401e+05
-1.889688458379814401e+05
-1.829688458379814401e+05
-1.769688458379814401e+05
-1.709688458379814401e+05
-1.649688458379814401e+05
-1.589688458379814401e+05
-1.529688458379814401e+05
-1.469688458379814401e+05
-1.409688458379814401e+05
-1.349688458379814401e+05
-1.289688458379814401e+05
-1.229688458379814401e+05
-1.169688458379814401e+05
-1.109688458379814401e+05
-1.049688458379814401e+05
-9.896884583798144013e+04
-9.296884583798144013e+04
-8.696884583798144013e+04
-8.096884583798144013e+04
-7.496884583798144013e+04
-6.896884583798144013e+04
-6.296884583798144013e+04
-5.696884583798144013e+04
-5.096884583798144013e+04
-4.496884583798144013e+04
-3.896884583798144013e+04
-3.296884583798144013e+04
-2.696884583798144013e+04
-2.096884583798144013e+04
-1.496884583798144013e+04
-8.968845837981440127e+03
-2.968845837981440127e+03
3.031154162018559873e+03
9.031154162018559873e+03
1.503115416201855987e+04
2.103115416201855987e+04
2.703115416201855987e+04
3.303115416201855987e+04
3.903115416201855987e+04
4.503115416201855987e+04
5.103115416201855987e+04
5.703115416201855987e+04
6.303115416201855987e+04
6.903115416201855987e+04
7.503115416201855987e+04
8.103115416201855987e+04
8.703115416201855987e+04
9.303115416201855987e+04
9.903115416201855987e+04
1.050311541620185599e+05
1.110311541620185599e+05
1.170311541620185599e+05
1.230311541620185599e+05
1.290311541620185599e+05
1.350311541620185599e+05
1.410311541620185599e+05
1.470311541620185599e+05
1.530311541620185599e+05
1.590311541620185599e+05
1.650311541620185599e+05
1.710311541620185599e+05
1.770311541620185599e+05
