2.434341646713208320e+03
1.224343416467131465e+05
2.424343416467130883e+05
3.624343416467130301e+05
4.824343416467129719e+05
6.024343416467129719e+05
7.224343416467128554e+05
8.424343416467127390e+05
9.624343416467127390e+05
1.082434341646712739e+06
1.202434341646712739e+06
1.322434341646712506e+06
1.442434341646712506e+06
1.562434341646712506e+06
1.682434341646712273e+06
1.802434341646712273e+06
1.922434341646712273e+06
2.042434341646712273e+06
2.162434341646712273e+06
2.282434341646712273e+06
2.402434341646712273e+06
2.522434341646711808e+06
2.642434341646711808e+06
2.762434341646711808e+06
2.882434341646711808e+06
3.002434341646711808e+06
3.122434341646711808e+06
3.242434341646711808e+06
3.362434341646711342e+06
3.482434341646711342e+06
