1.007740316236636718e+05 2.000000000000000000e+03
1.007724609082728421e+05 6.000000000000000000e+03
1.007527738930089690e+05 1.000000000000000000e+04
1.007451722821020958e+05 1.400000000000000000e+04
1.007406462782591261e+05 1.800000000000000000e+04
1.007370070705021208e+05 2.200000000000000000e+04
1.007061410888090904e+05 2.600000000000000000e+04
1.007011990558473772e+05 3.000000000000000000e+04
1.006740077487277740e+05 3.400000000000000000e+04
9.800000000000000000e+04 3.673144978440114937e+04
9.682626703422325954e+04 3.800000000000000000e+04
9.682769711383382673e+04 4.200000000000000000e+04
9.680590961486619199e+04 4.600000000000000000e+04
9.680584634014968469e+04 5.000000000000000000e+04
9.678276513745685224e+04 5.400000000000000000e+04
9.675874285023838456e+04 5.800000000000000000e+04
9.673341859392289189e+04 6.200000000000000000e+04
9.400000000000000000e+04 6.483671452364530705e+04
9.290744287156223436e+04 6.600000000000000000e+04
9.290333620129262272e+04 7.000000000000000000e+04
9.285815816439055197e+04 7.400000000000000000e+04
9.279297720331556047e+04 7.800000000000000000e+04
9.000000000000000000e+04 8.089381731271304307e+04
8.896177207954679034e+04 8.200000000000000000e+04
8.889472688598207606e+04 8.600000000000000000e+04
8.886355328068083327e+04 9.000000000000000000e+04
8.600000000000000000e+04 9.292158196419398882e+04
8.496682856569407159e+04 9.400000000000000000e+04
8.493981222817939124e+04 9.800000000000000000e+04
8.487156367371379747e+04 1.020000000000000000e+05
8.200000000000000000e+04 1.049247626762637519e+05
8.096866078277505585e+04 1.060000000000000000e+05
8.093927670722278708e+04 1.100000000000000000e+05
8.082255361559208541e+04 1.140000000000000000e+05
7.800000000000000000e+04 1.168725342022694967e+05
7.694200358527073695e+04 1.180000000000000000e+05
7.689367014761606697e+04 1.220000000000000000e+05
7.400000000000000000e+04 1.248995297018831916e+05
7.294505374494055286e+04 1.260000000000000000e+05
7.287028716665353568e+04 1.300000000000000000e+05
7.000000000000000000e+04 1.328744843097561970e+05
6.892249939060193719e+04 1.340000000000000000e+05
6.880152414052120002e+04 1.380000000000000000e+05
6.600000000000000000e+04 1.408474788914162782e+05
6.491977056348072074e+04 1.420000000000000000e+05
6.200000000000000000e+04 1.449280586804730992e+05
6.095086101612619677e+04 1.460000000000000000e+05
6.087114352244029578e+04 1.500000000000000000e+05
5.800000000000000000e+04 1.528746513705457328e+05
5.692146607736092119e+04 1.540000000000000000e+05
5.400000000000000000e+04 1.569294464948400273e+05
5.295157319579881005e+04 1.580000000000000000e+05
5.287170058244693791e+04 1.620000000000000000e+05
5.000000000000000000e+04 1.648758260134007724e+05
4.890091173888326011e+04 1.660000000000000000e+05
4.600000000000000000e+04 1.689067035014416324e+05
4.492985285783779545e+04 1.700000000000000000e+05
4.200000000000000000e+04 1.729324230199130834e+05
4.095328515622213308e+04 1.740000000000000000e+05
4.087285191353045957e+04 1.780000000000000000e+05
3.800000000000000000e+04 1.808831907938255172e+05
3.688457721921712800e+04 1.820000000000000000e+05
3.400000000000000000e+04 1.848898080753290851e+05
3.291271890549906675e+04 1.860000000000000000e+05
3.000000000000000000e+04 1.888969848092035681e+05
2.889810822074789394e+04 1.900000000000000000e+05
2.600000000000000000e+04 1.929008586597486283e+05
2.490012917752807698e+04 1.940000000000000000e+05
2.200000000000000000e+04 1.968997780683204765e+05
2.089912696749190218e+04 1.980000000000000000e+05
1.800000000000000000e+04 2.008989215946478071e+05
1.689863455100708234e+04 2.020000000000000000e+05
1.400000000000000000e+04 2.048965399777146522e+05
1.287292424253610443e+04 2.060000000000000000e+05
1.000000000000000000e+04 2.088706275687553862e+05
8.869995348261745676e+03 2.100000000000000000e+05
6.000000000000000000e+03 2.128152106438985211e+05
4.789321974423022766e+03 2.140000000000000000e+05
2.000000000000000000e+03 2.167857870302629308e+05
-2.000000000000000000e+03 2.169187590450237331e+05
-3.104298643770604485e+03 2.180000000000000000e+05
-6.000000000000000000e+03 2.208942343353556935e+05
-7.130068513373667884e+03 2.220000000000000000e+05
-1.000000000000000000e+04 2.248118787501041370e+05
-1.126933525866642594e+04 2.260000000000000000e+05
-1.400000000000000000e+04 2.287279327015167219e+05
-1.800000000000000000e+04 2.288942365881115256e+05
-1.913033790148370463e+04 2.300000000000000000e+05
-2.200000000000000000e+04 2.328098225149641803e+05
-2.600000000000000000e+04 2.329175719369050930e+05
-2.710594671245387872e+04 2.340000000000000000e+05
-3.000000000000000000e+04 2.368350516043265525e+05
-3.124266674277393759e+04 2.380000000000000000e+05
-3.400000000000000000e+04 2.407556045519327454e+05
-3.800000000000000000e+04 2.408363641537564108e+05
-3.921457977151130763e+04 2.420000000000000000e+05
-4.200000000000000000e+04 2.447826247320508701e+05
-4.600000000000000000e+04 2.448355787436562241e+05
-4.724236280166506913e+04 2.460000000000000000e+05
-5.000000000000000000e+04 2.487070741637023748e+05
-5.400000000000000000e+04 2.488341475643719023e+05
-5.524375407257264305e+04 2.500000000000000000e+05
-5.800000000000000000e+04 2.527011951502299053e+05
-6.200000000000000000e+04 2.528091356967916363e+05
-6.600000000000000000e+04 2.528661083766020893e+05
-6.720795464060042286e+04 2.540000000000000000e+05
-7.000000000000000000e+04 2.567354853852706146e+05
-7.400000000000000000e+04 2.568337609245502099e+05
-7.527245245735363278e+04 2.580000000000000000e+05
-7.800000000000000000e+04 2.606669119103901321e+05
-8.200000000000000000e+04 2.607346804244191444e+05
-8.600000000000000000e+04 2.608336071181067673e+05
-9.000000000000000000e+04 2.608662211823546095e+05
-9.400000000000000000e+04 2.647291978815493057e+05
-9.800000000000000000e+04 2.648089422320972662e+05
-1.020000000000000000e+05 2.648353994789177086e+05
-1.060000000000000000e+05 2.686667246531880810e+05
-1.100000000000000000e+05 2.687290425218309974e+05
-1.140000000000000000e+05 2.687627554727362585e+05
-1.180000000000000000e+05 2.687958058099065092e+05
-1.220000000000000000e+05 2.688391087751561427e+05
-1.260000000000000000e+05 2.726252061505532474e+05
-1.300000000000000000e+05 2.726610546397776343e+05
-1.340000000000000000e+05 2.727289165602162248e+05
-1.380000000000000000e+05 2.727342230173306889e+05
-1.420000000000000000e+05 2.727622345223993761e+05
-1.460000000000000000e+05 2.727660049458973808e+05
-1.500000000000000000e+05 2.727695731520857662e+05
-1.540000000000000000e+05 2.727937914156428305e+05
-1.580000000000000000e+05 2.728355489382169326e+05
-1.620000000000000000e+05 2.728371126942559495e+05
-1.660000000000000000e+05 2.728378588695033686e+05
-1.700000000000000000e+05 2.728378530043670908e+05
-1.740000000000000000e+05 2.728370887784907827e+05
-1.780000000000000000e+05 2.728155162786169094e+05
-1.820000000000000000e+05 2.728121532550390111e+05
-1.860000000000000000e+05 2.728099828103077598e+05
-1.900000000000000000e+05 2.727644450836416800e+05
-1.940000000000000000e+05 2.727376058072785963e+05
-1.980000000000000000e+05 2.727328636767912540e+05
-2.020000000000000000e+05 2.727014875821178430e+05
-2.060000000000000000e+05 2.726672032962750527e+05
-2.100000000000000000e+05 2.725928925964542432e+05
-2.140000000000000000e+05 2.688167488025177736e+05
-2.180000000000000000e+05 2.688088899539171252e+05
-2.220000000000000000e+05 2.687358965152491583e+05
-2.260000000000000000e+05 2.687016569511177950e+05
-2.300000000000000000e+05 2.686367834093437996e+05
-2.340000000000000000e+05 2.648148398218485527e+05
-2.380000000000000000e+05 2.647832622836639057e+05
-2.420000000000000000e+05 2.647035566035191296e+05
-2.460000000000000000e+05 2.646367349787114072e+05
-2.500000000000000000e+05 2.607860651139015972e+05
-2.540000000000000000e+05 2.607559721621806966e+05
-2.580000000000000000e+05 2.606373962422301120e+05
-2.607013835302467924e+05 2.580000000000000000e+05
-2.620000000000000000e+05 2.567868851292534091e+05
-2.660000000000000000e+05 2.567282330014703330e+05
-2.687919796533678309e+05 2.540000000000000000e+05
-2.700000000000000000e+05 2.528702079949333565e+05
-2.740000000000000000e+05 2.527577389978773135e+05
-2.780000000000000000e+05 2.526444177079353540e+05
-2.807052221738703083e+05 2.500000000000000000e+05
-2.820000000000000000e+05 2.487898002457455150e+05
-2.860000000000000000e+05 2.486984458247563452e+05
-2.887626244449371006e+05 2.460000000000000000e+05
-2.900000000000000000e+05 2.448202458010357805e+05
-2.940000000000000000e+05 2.446988255172210338e+05
-2.967627644946704386e+05 2.420000000000000000e+05
-2.980000000000000000e+05 2.408197120298708323e+05
-3.020000000000000000e+05 2.406680483064627333e+05
-3.047324624495644821e+05 2.380000000000000000e+05
-3.060000000000000000e+05 2.367925966093665920e+05
-3.088585824574946309e+05 2.340000000000000000e+05
-3.100000000000000000e+05 2.329095672248227056e+05
-3.140000000000000000e+05 2.327625199592628342e+05
-3.167665399186194991e+05 2.300000000000000000e+05
-3.180000000000000000e+05 2.288223016863884404e+05
-3.208858964048022754e+05 2.260000000000000000e+05
-3.220000000000000000e+05 2.249112124722590088e+05
-3.260000000000000000e+05 2.247339332622236689e+05
-3.287388260718399542e+05 2.220000000000000000e+05
-3.300000000000000000e+05 2.207974019370441092e+05
-3.328603531702529872e+05 2.180000000000000000e+05
-3.340000000000000000e+05 2.168867888144169992e+05
-3.368906165446468513e+05 2.140000000000000000e+05
-3.380000000000000000e+05 2.128922513825952774e+05
-3.420000000000000000e+05 2.127054713278121781e+05
-3.447696802847486688e+05 2.100000000000000000e+05
-3.460000000000000000e+05 2.088296950376961613e+05
-3.488317621274738340e+05 2.060000000000000000e+05
-3.500000000000000000e+05 2.048328506259348942e+05
-3.528348996841126936e+05 2.020000000000000000e+05
-3.540000000000000000e+05 2.008619751582427416e+05
-3.568636134126065299e+05 1.980000000000000000e+05
-3.580000000000000000e+05 1.968641263199830137e+05
-3.608652050270314794e+05 1.940000000000000000e+05
-3.620000000000000000e+05 1.928654878189152514e+05
-3.648661062029024470e+05 1.900000000000000000e+05
-3.660000000000000000e+05 1.888665368525453960e+05
-3.689295315600144677e+05 1.860000000000000000e+05
-3.700000000000000000e+05 1.849310480420411041e+05
-3.729351509151259670e+05 1.820000000000000000e+05
-3.740000000000000000e+05 1.809328156336883549e+05
-3.768627667145864107e+05 1.780000000000000000e+05
-3.780000000000000000e+05 1.768622110614756239e+05
-3.808613873847927316e+05 1.740000000000000000e+05
-3.820000000000000000e+05 1.728340448662067065e+05
-3.848330446159497369e+05 1.700000000000000000e+05
-3.860000000000000000e+05 1.688322103599586699e+05
-3.888309464161845390e+05 1.660000000000000000e+05
-3.889576644347048132e+05 1.620000000000000000e+05
-3.900000000000000000e+05 1.609562507676999667e+05
-3.929543808116397704e+05 1.580000000000000000e+05
-3.940000000000000000e+05 1.569289166274215677e+05
-3.968622582691609277e+05 1.540000000000000000e+05
-3.980000000000000000e+05 1.528341030982027587e+05
-4.008310389013921958e+05 1.500000000000000000e+05
-4.009561429977495573e+05 1.460000000000000000e+05
-4.020000000000000000e+05 1.449301895760857733e+05
-4.048622055196540896e+05 1.420000000000000000e+05
-4.060000000000000000e+05 1.408336361522497900e+05
-4.088301217263459694e+05 1.380000000000000000e+05
-4.089541018714131205e+05 1.340000000000000000e+05
-4.100000000000000000e+05 1.329278943996529852e+05
-4.128587990852957009e+05 1.300000000000000000e+05
-4.140000000000000000e+05 1.287708210985293845e+05
-4.167023712161364383e+05 1.260000000000000000e+05
-4.168594716640089173e+05 1.220000000000000000e+05
-4.180000000000000000e+05 1.207712483216666587e+05
-4.207023255503521068e+05 1.180000000000000000e+05
-4.208591400739116943e+05 1.140000000000000000e+05
-4.220000000000000000e+05 1.127707574225221178e+05
-4.247015610917824088e+05 1.100000000000000000e+05
-4.248581742466046708e+05 1.060000000000000000e+05
-4.249539271216238267e+05 1.020000000000000000e+05
-4.260000000000000000e+05 1.009007752189668681e+05
-4.288297464233802748e+05 9.800000000000000000e+04
-4.289525647678989917e+05 9.400000000000000000e+04
-4.300000000000000000e+05 9.284226768881884345e+04
-4.327047199176965514e+05 9.000000000000000000e+04
-4.328577477516676299e+05 8.600000000000000000e+04
-4.329528628641817486e+05 8.200000000000000000e+04
-4.340000000000000000e+05 8.087194638667724212e+04
-4.367385693990222062e+05 7.800000000000000000e+04
-4.368575005338712945e+05 7.400000000000000000e+04
-4.369524688209537417e+05 7.000000000000000000e+04
-4.369793581751075690e+05 6.600000000000000000e+04
-4.380000000000000000e+05 6.487471541001864534e+04
-4.408002088078346569e+05 6.200000000000000000e+04
-4.408590825579685043e+05 5.800000000000000000e+04
-4.409524023904360947e+05 5.400000000000000000e+04
-4.409540573724425631e+05 5.000000000000000000e+04
-4.409873977789816563e+05 4.600000000000000000e+04
-4.420000000000000000e+05 4.488277635427063797e+04
-4.448001293264668784e+05 4.200000000000000000e+04
-4.448311143316285452e+05 3.800000000000000000e+04
-4.448657980030499166e+05 3.400000000000000000e+04
-4.448724271635200712e+05 3.000000000000000000e+04
-4.449527295448888908e+05 2.600000000000000000e+04
-4.449583929562687408e+05 2.200000000000000000e+04
-4.449636754503502161e+05 1.800000000000000000e+04
-4.449868673490384244e+05 1.400000000000000000e+04
-4.449887122465684661e+05 1.000000000000000000e+04
-4.449903496716981754e+05 6.000000000000000000e+03
-4.449912285016656388e+05 2.000000000000000000e+03
