-3.797382357563134865e+05
-3.647382357563134865e+05
-3.497382357563134865e+05
-3.347382357563134865e+05
-3.197382357563134865e+05
-3.047382357563134865e+05
-2.897382357563134865e+05
-2.747382357563134865e+05
-2.597382357563134865e+05
-2.447382357563134865e+05
-2.297382357563134865e+05
-2.147382357563134865e+05
-1.997382357563134865e+05
-1.847382357563134865e+05
-1.697382357563134865e+05
-1.547382357563134865e+05
-1.397382357563134865e+05
-1.247382357563134865e+05
-1.097382357563134865e+05
-9.473823575631348649e+04
-7.973823575631348649e+04
-6.473823575631348649e+04
-4.973823575631348649e+04
-3.473823575631348649e+04
-1.973823575631348649e+04
-4.738235756313486490e+03
1.026176424368651351e+04
2.526176424368651351e+04
4.026176424368651351e+04
5.526176424368651351e+04
7.026176424368651351e+04
8.526176424368651351e+04
1.002617642436865135e+05
1.152617642436865135e+05
1.302617642436865135e+05
1.452617642436865135e+05
1.602617642436865135e+05
1.752617642436865135e+05
1.902617642436865135e+05
2.052617642436865135e+05
2.202617642436865135e+05
2.352617642436865135e+05
2.502617642436865135e+05
2.652617642436865135e+05
2.802617642436865135e+05
2.952617642436865135e+05
3.102617642436865135e+05
3.252617642436865135e+05
3.402617642436865135e+05
3.552617642436865135e+05
3.702617642436865135e+05
3.852617642436865135e+05
4.002617642436865135e+05
4.152617642436865135e+05
4.302617642436865135e+05
4.452617642436865135e+05
4.602617642436865135e+05
4.752617642436865135e+05
4.902617642436865135e+05
5.052617642436865135e+05
5.202617642436865135e+05
5.352617642436865717e+05
5.502617642436865717e+05
5.652617642436865717e+05
5.802617642436865717e+05
5.952617642436865717e+05
6.102617642436865717e+05
6.252617642436865717e+05
6.402617642436865717e+05
6.552617642436865717e+05
6.702617642436865717e+05
6.852617642436865717e+05
7.002617642436865717e+05
7.152617642436865717e+05
7.302617642436865717e+05
7.452617642436865717e+05
7.602617642436865717e+05
7.752617642436865717e+05
7.902617642436865717e+05
8.052617642436865717e+05
8.202617642436865717e+05
8.352617642436865717e+05
8.502617642436865717e+05
8.652617642436865717e+05
8.802617642436865717e+05
8.952617642436865717e+05
9.102617642436865717e+05
9.252617642436865717e+05
9.402617642436865717e+05
9.552617642436865717e+05
9.702617642436865717e+05
9.852617642436865717e+05
1.000261764243686572e+06
1.015261764243686572e+06
1.030261764243686572e+06
1.045261764243686572e+06
1.060261764243686572e+06
1.075261764243686572e+06
1.090261764243686572e+06
1.105261764243686572e+06
1.120261764243686572e+06
1.135261764243686572e+06
1.150261764243686572e+06
1.165261764243686572e+06
1.180261764243686572e+06
1.195261764243686572e+06
1.210261764243686572e+06
1.225261764243686572e+06
1.240261764243686572e+06
1.255261764243686572e+06
1.270261764243686572e+06
1.285261764243686572e+06
1.300261764243686572e+06
1.315261764243686572e+06
1.330261764243686572e+06
1.345261764243686572e+06
1.360261764243686572e+06
1.375261764243686572e+06
1.390261764243686572e+06
1.405261764243686572e+06
1.420261764243686572e+06
1.435261764243686572e+06
1.450261764243686572e+06
1.465261764243686572e+06
1.480261764243686572e+06
1.495261764243686572e+06
1.510261764243686572e+06
1.525261764243686572e+06
1.540261764243686572e+06
1.555261764243686572e+06
1.570261764243686572e+06
1.585261764243686572e+06
1.600261764243686572e+06
1.615261764243686572e+06
1.630261764243686572e+06
1.645261764243686572e+06
1.660261764243686572e+06
1.675261764243686572e+06
1.690261764243686572e+06
1.705261764243686572e+06
1.720261764243686572e+06
1.735261764243686572e+06
1.750261764243686572e+06
1.765261764243686572e+06
1.780261764243686572e+06
1.795261764243686572e+06
1.810261764243686572e+06
1.825261764243686572e+06
1.840261764243686572e+06
1.855261764243686572e+06
1.870261764243686572e+06
1.885261764243686572e+06
1.900261764243686572e+06
1.915261764243686572e+06
1.930261764243686572e+06
1.945261764243686572e+06
1.960261764243686572e+06
1.975261764243686572e+06
1.990261764243686572e+06
2.005261764243686572e+06
2.020261764243686572e+06
2.035261764243686572e+06
2.050261764243686572e+06
2.065261764243686572e+06
2.080261764243686572e+06
2.095261764243686572e+06
2.110261764243686572e+06
2.125261764243686572e+06
2.140261764243686572e+06
2.155261764243686572e+06
2.170261764243686572e+06
2.185261764243686572e+06
2.200261764243686572e+06
2.215261764243686572e+06
2.230261764243686572e+06
2.245261764243686572e+06
2.260261764243686572e+06
2.275261764243686572e+06
2.290261764243686572e+06
2.305261764243686572e+06
2.320261764243686572e+06
2.335261764243686572e+06
2.350261764243686572e+06
2.365261764243686572e+06
2.380261764243686572e+06
2.395261764243686572e+06
2.410261764243686572e+06
2.425261764243686572e+06
2.440261764243686572e+06
2.455261764243686572e+06
2.470261764243686572e+06
2.485261764243686572e+06
2.500261764243686572e+06
2.515261764243686572e+06
2.530261764243686572e+06
2.545261764243686572e+06
2.560261764243686572e+06
2.575261764243686572e+06
2.590261764243686572e+06
2.605261764243686572e+06
2.620261764243686572e+06
2.635261764243686572e+06
2.650261764243686572e+06
2.665261764243686572e+06
