3.783823987694102016e+02
1.537838239876940497e+04
3.037838239876939770e+04
4.537838239876939770e+04
6.037838239876939042e+04
7.537838239876937587e+04
9.037838239876937587e+04
1.053783823987693613e+05
1.203783823987693613e+05
1.353783823987693468e+05
1.503783823987693468e+05
1.653783823987693468e+05
1.803783823987693468e+05
1.953783823987693468e+05
2.103783823987693177e+05
2.253783823987693177e+05
2.403783823987693177e+05
2.553783823987693177e+05
2.703783823987693177e+05
2.853783823987693177e+05
3.003783823987693177e+05
3.153783823987693177e+05
3.303783823987693177e+05
3.453783823987693177e+05
3.603783823987693177e+05
3.753783823987693177e+05
3.903783823987693177e+05
4.053783823987692595e+05
4.203783823987692595e+05
4.353783823987692595e+05
4.503783823987692595e+05
4.653783823987692595e+05
4.803783823987692595e+05
4.953783823987692595e+05
5.103783823987692595e+05
5.253783823987691430e+05
5.403783823987691430e+05
5.553783823987691430e+05
5.703783823987691430e+05
5.853783823987691430e+05
6.003783823987691430e+05
6.153783823987691430e+05
6.303783823987691430e+05
6.453783823987691430e+05
6.603783823987691430e+05
6.753783823987691430e+05
6.903783823987691430e+05
7.053783823987691430e+05
7.203783823987691430e+05
7.353783823987691430e+05
7.503783823987691430e+05
7.653783823987691430e+05
7.803783823987691430e+05
7.953783823987691430e+05
8.103783823987690266e+05
8.253783823987690266e+05
8.403783823987690266e+05
8.553783823987690266e+05
8.703783823987690266e+05
8.853783823987690266e+05
9.003783823987690266e+05
9.153783823987690266e+05
9.303783823987690266e+05
9.453783823987690266e+05
9.603783823987690266e+05
9.753783823987690266e+05
9.903783823987690266e+05
1.005378382398769027e+06
1.020378382398769027e+06
1.035378382398769027e+06
1.050378382398769027e+06
1.065378382398769027e+06
1.080378382398769027e+06
1.095378382398769027e+06
1.110378382398769027e+06
1.125378382398769027e+06
1.140378382398769027e+06
1.155378382398769027e+06
1.170378382398769027e+06
1.185378382398769027e+06
1.200378382398769027e+06
1.215378382398769027e+06
1.230378382398769027e+06
1.245378382398769027e+06
1.260378382398769027e+06
1.275378382398769027e+06
1.290378382398769027e+06
1.305378382398769027e+06
1.320378382398769027e+06
1.335378382398769027e+06
1.350378382398769027e+06
1.365378382398769027e+06
1.380378382398769027e+06
1.395378382398769027e+06
1.410378382398769027e+06
1.425378382398769027e+06
1.440378382398769027e+06
1.455378382398769027e+06
1.470378382398769027e+06
1.485378382398769027e+06
1.500378382398769027e+06
1.515378382398769027e+06
1.530378382398769027e+06
1.545378382398769027e+06
1.560378382398769027e+06
1.575378382398769027e+06
1.590378382398769027e+06
1.605378382398768794e+06
1.620378382398768794e+06
1.635378382398768794e+06
1.650378382398768794e+06
1.665378382398768794e+06
1.680378382398768794e+06
1.695378382398768794e+06
1.710378382398768794e+06
1.725378382398768794e+06
1.740378382398768794e+06
1.755378382398768794e+06
1.770378382398768794e+06
1.785378382398768794e+06
1.800378382398768794e+06
1.815378382398768794e+06
1.830378382398768794e+06
1.845378382398768794e+06
1.860378382398768794e+06
1.875378382398768794e+06
1.890378382398768794e+06
1.905378382398768794e+06
1.920378382398768794e+06
1.935378382398768794e+06
1.950378382398768794e+06
1.965378382398768794e+06
1.980378382398768794e+06
1.995378382398768794e+06
2.010378382398768794e+06
2.025378382398768794e+06
2.040378382398768794e+06
2.055378382398768794e+06
2.070378382398768794e+06
2.085378382398768794e+06
2.100378382398768328e+06
2.115378382398768328e+06
2.130378382398768328e+06
2.145378382398768328e+06
2.160378382398768328e+06
2.175378382398768328e+06
2.190378382398768328e+06
2.205378382398768328e+06
