1.392315151171447542e+04 2.500000000000000000e+02
1.387289929920830218e+04 7.500000000000000000e+02
1.384804354568687631e+04 1.250000000000000000e+03
1.381914848912580783e+04 1.750000000000000000e+03
1.381185092363527474e+04 2.250000000000000000e+03
1.377803466955709155e+04 2.750000000000000000e+03
1.376995565653813355e+04 3.250000000000000000e+03
1.376757149218910854e+04 3.750000000000000000e+03
1.375000000000000000e+04 3.789814522912767188e+03
1.354893935132757724e+04 4.250000000000000000e+03
1.353020044802373195e+04 4.750000000000000000e+03
1.352451355730942123e+04 5.250000000000000000e+03
1.352990239158722397e+04 5.750000000000000000e+03
1.352401303344331791e+04 6.250000000000000000e+03
1.351861810526125555e+04 6.750000000000000000e+03
1.351246652310980062e+04 7.250000000000000000e+03
1.344308102090469401e+04 7.750000000000000000e+03
1.343832515302247157e+04 8.250000000000000000e+03
1.342529696666209202e+04 8.750000000000000000e+03
1.330106772298036412e+04 9.250000000000000000e+03
1.328758912394043000e+04 9.750000000000000000e+03
1.326148091838376240e+04 1.025000000000000000e+04
1.325046943614376505e+04 1.075000000000000000e+04
1.325000000000000000e+04 1.075151868326739714e+04
1.303522783771146351e+04 1.125000000000000000e+04
1.300162743418993341e+04 1.175000000000000000e+04
1.279088637387646486e+04 1.225000000000000000e+04
1.275137427363175448e+04 1.275000000000000000e+04
1.275000000000000000e+04 1.275324745275189889e+04
1.252942265135682283e+04 1.325000000000000000e+04
1.250064161396425334e+04 1.375000000000000000e+04
1.226937702141811860e+04 1.425000000000000000e+04
1.225102628680749331e+04 1.475000000000000000e+04
1.225000000000000000e+04 1.475204518538110824e+04
1.200101997872801076e+04 1.525000000000000000e+04
1.175707470837540495e+04 1.575000000000000000e+04
1.175000000000000000e+04 1.576469138702881901e+04
1.151709929531517082e+04 1.625000000000000000e+04
1.131550939533621022e+04 1.675000000000000000e+04
1.125304757567871093e+04 1.725000000000000000e+04
1.125000000000000000e+04 1.725606030585001281e+04
1.100173552651911086e+04 1.775000000000000000e+04
1.075367546475745075e+04 1.825000000000000000e+04
1.075000000000000000e+04 1.825761571609191378e+04
1.051270381628758878e+04 1.875000000000000000e+04
1.026574899049232044e+04 1.925000000000000000e+04
1.025002100112718472e+04 1.975000000000000000e+04
1.025000000000000000e+04 1.975004213253890703e+04
9.787641109389218400e+03 2.025000000000000000e+04
9.750339414193313132e+03 2.075000000000000000e+04
9.750000000000000000e+03 2.075068497807719177e+04
9.275820647027450832e+03 2.125000000000000000e+04
9.250000000000000000e+03 2.127881952245534194e+04
9.018422587656341420e+03 2.175000000000000000e+04
8.767947946550490087e+03 2.225000000000000000e+04
8.750000000000000000e+03 2.226891981631051385e+04
8.508135245624722302e+03 2.275000000000000000e+04
8.254304640184533127e+03 2.325000000000000000e+04
8.250000000000000000e+03 2.325849024842093786e+04
8.004693120601283226e+03 2.375000000000000000e+04
7.751837160798342666e+03 2.425000000000000000e+04
7.750000000000000000e+03 2.425391514273102075e+04
7.531792018419033411e+03 2.475000000000000000e+04
7.281194422132438376e+03 2.525000000000000000e+04
7.250000000000000000e+03 2.526595034519249020e+04
6.750000000000000000e+03 2.544017249268071828e+04
6.250000000000000000e+03 2.558171770387893775e+04
6.141373156059914436e+03 2.575000000000000000e+04
6.006218570464636286e+03 2.625000000000000000e+04
5.783017994233427999e+03 2.675000000000000000e+04
5.753345877228332029e+03 2.725000000000000000e+04
5.750000000000000000e+03 2.725818521451743436e+04
5.387848728072146514e+03 2.775000000000000000e+04
5.250000000000000000e+03 2.786804068328267022e+04
4.750000000000000000e+03 2.802043662833730923e+04
4.250000000000000000e+03 2.816525268760666586e+04
4.120709916999674533e+03 2.825000000000000000e+04
3.946354943832943718e+03 2.875000000000000000e+04
3.772136708768703102e+03 2.925000000000000000e+04
3.751034810338793250e+03 2.975000000000000000e+04
3.750000000000000000e+03 2.975209982069354010e+04
3.508992577028310734e+03 3.025000000000000000e+04
3.251042274236100639e+03 3.075000000000000000e+04
3.250000000000000000e+03 3.075097302282422970e+04
2.750000000000000000e+03 3.100201412587286904e+04
2.266286425035463253e+03 3.125000000000000000e+04
2.250000000000000000e+03 3.126612500593774530e+04
1.760229427327837357e+03 3.175000000000000000e+04
1.750000000000000000e+03 3.175523950333502216e+04
1.253076119916942389e+03 3.225000000000000000e+04
1.250000000000000000e+03 3.225305353649471363e+04
7.514165686725325486e+02 3.275000000000000000e+04
7.500000000000000000e+02 3.275141733994815877e+04
2.500000000000000000e+02 3.300602415533865860e+04
5.024835710758139840e+00 3.325000000000000000e+04
-2.500000000000000000e+02 3.350269498601704981e+04
-7.385227568475501130e+02 3.375000000000000000e+04
-7.500000000000000000e+02 3.376140960860500491e+04
-1.245091246535957225e+03 3.425000000000000000e+04
-1.250000000000000000e+03 3.425487582469614426e+04
-1.746931663777490257e+03 3.475000000000000000e+04
-1.750000000000000000e+03 3.475154615324421320e+04
-2.250000000000000000e+03 3.500515747242891666e+04
-2.495150977007454003e+03 3.525000000000000000e+04
-2.750000000000000000e+03 3.550210440379736247e+04
-3.246791601618090681e+03 3.575000000000000000e+04
-3.250000000000000000e+03 3.575317704707841767e+04
-3.748360173766578555e+03 3.625000000000000000e+04
-3.750000000000000000e+03 3.625082220604603208e+04
-4.250000000000000000e+03 3.650167607734459307e+04
-4.747113261845678608e+03 3.675000000000000000e+04
-4.750000000000000000e+03 3.675286451127142209e+04
-5.248592843410689966e+03 3.725000000000000000e+04
-5.250000000000000000e+03 3.725070292482882360e+04
-5.750000000000000000e+03 3.750083442280413146e+04
-6.248175332461192738e+03 3.775000000000000000e+04
-6.250000000000000000e+03 3.775181789055190166e+04
-6.749510253354388624e+03 3.825000000000000000e+04
-6.750000000000000000e+03 3.825024498418899748e+04
-7.250000000000000000e+03 3.850041132148184988e+04
-7.748291086272394750e+03 3.875000000000000000e+04
-7.750000000000000000e+03 3.875085496437770053e+04
-8.250000000000000000e+03 3.900043004369938717e+04
-8.749430830743567640e+03 3.925000000000000000e+04
-8.750000000000000000e+03 3.925028471161624475e+04
-9.250000000000000000e+03 3.950047500777584355e+04
-9.748168598721247690e+03 3.975000000000000000e+04
-9.750000000000000000e+03 3.975091678950208734e+04
-1.025000000000000000e+04 3.981650662182631640e+04
-1.074994438367846305e+04 4.025000000000000000e+04
-1.075000000000000000e+04 4.025002776699526294e+04
-1.125000000000000000e+04 4.028507097209991480e+04
-1.175000000000000000e+04 4.051431411453630426e+04
-1.224857239549210135e+04 4.075000000000000000e+04
-1.225000000000000000e+04 4.075069782063472667e+04
-1.275000000000000000e+04 4.084606550763724226e+04
-1.324951027350498953e+04 4.125000000000000000e+04
-1.325000000000000000e+04 4.125024998756770219e+04
-1.375000000000000000e+04 4.129146775489384891e+04
-1.425000000000000000e+04 4.151691035667095275e+04
-1.474799650059377745e+04 4.175000000000000000e+04
-1.475000000000000000e+04 4.175092346639003517e+04
-1.525000000000000000e+04 4.182000292302560410e+04
-1.575000000000000000e+04 4.191844712633112795e+04
-1.625000000000000000e+04 4.208264871713476896e+04
-1.664432075670548511e+04 4.225000000000000000e+04
-1.675000000000000000e+04 4.229457090029804385e+04
-1.725000000000000000e+04 4.238354970976318873e+04
-1.775000000000000000e+04 4.255099807422514277e+04
-1.825000000000000000e+04 4.276245859602993733e+04
-1.875000000000000000e+04 4.281627551351628790e+04
-1.925000000000000000e+04 4.292380813605041476e+04
-1.975000000000000000e+04 4.306926400431182992e+04
-2.025000000000000000e+04 4.327142676700530865e+04
-2.075000000000000000e+04 4.330807399428470671e+04
-2.125000000000000000e+04 4.337120191337861615e+04
-2.175000000000000000e+04 4.353076542537580099e+04
-2.225000000000000000e+04 4.355422623277187085e+04
-2.275000000000000000e+04 4.357506647786996473e+04
-2.325000000000000000e+04 4.377751305759799288e+04
-2.375000000000000000e+04 4.379632985365010245e+04
-2.425000000000000000e+04 4.380377991009657853e+04
-2.475000000000000000e+04 4.384393206332322734e+04
-2.525000000000000000e+04 4.385394860111656453e+04
-2.575000000000000000e+04 4.386690147382506257e+04
-2.625000000000000000e+04 4.388364613436513901e+04
-2.675000000000000000e+04 4.403034257101226103e+04
-2.725000000000000000e+04 4.403437319418841071e+04
-2.775000000000000000e+04 4.403619914532780240e+04
-2.825000000000000000e+04 4.403465271357265010e+04
-2.875000000000000000e+04 4.403367262377010775e+04
-2.925000000000000000e+04 4.403057931542654114e+04
-2.975000000000000000e+04 4.402780216312528501e+04
-3.025000000000000000e+04 4.387892726029850019e+04
-3.075000000000000000e+04 4.387270435937645379e+04
-3.125000000000000000e+04 4.386613581899055862e+04
-3.175000000000000000e+04 4.385886442144325702e+04
-3.225000000000000000e+04 4.384733022438684566e+04
-3.275000000000000000e+04 4.383310932084887463e+04
-3.325000000000000000e+04 4.379180785374351399e+04
-3.375000000000000000e+04 4.377057742990505358e+04
-3.425000000000000000e+04 4.375072630157815729e+04
-3.475000000000000000e+04 4.355238859571573266e+04
-3.525000000000000000e+04 4.353443924790120218e+04
-3.575000000000000000e+04 4.337862672885769280e+04
-3.625000000000000000e+04 4.335450254282028618e+04
-3.675000000000000000e+04 4.332393681214624667e+04
-3.725000000000000000e+04 4.327033544903760048e+04
-3.775000000000000000e+04 4.325070773522210220e+04
-3.825000000000000000e+04 4.303995207124414446e+04
-3.875000000000000000e+04 4.302620029407656693e+04
-3.925000000000000000e+04 4.285096186102349020e+04
-3.975000000000000000e+04 4.281053245180843805e+04
-4.025000000000000000e+04 4.275290439065844112e+04
-4.075000000000000000e+04 4.254244256987961853e+04
-4.125000000000000000e+04 4.251808651164242474e+04
-4.175000000000000000e+04 4.233228247211783309e+04
-4.225000000000000000e+04 4.225632784431535401e+04
-4.275000000000000000e+04 4.225001722571956634e+04
-4.275003787768759503e+04 4.225000000000000000e+04
-4.325000000000000000e+04 4.187373216767613485e+04
-4.375000000000000000e+04 4.181211366877237015e+04
-4.425000000000000000e+04 4.175202132299174264e+04
-4.425449290692110662e+04 4.175000000000000000e+04
-4.475000000000000000e+04 4.152479906916643813e+04
-4.525000000000000000e+04 4.129611901639780990e+04
-4.575000000000000000e+04 4.125123054881535063e+04
-4.575254831255893077e+04 4.125000000000000000e+04
-4.625000000000000000e+04 4.084663589555593353e+04
-4.675000000000000000e+04 4.075992963599084760e+04
-4.676292205570791702e+04 4.075000000000000000e+04
-4.725000000000000000e+04 4.038618331811011012e+04
-4.775000000000000000e+04 4.027291619996695226e+04
-4.825000000000000000e+04 4.025021718286873511e+04
-4.825040772461369488e+04 4.025000000000000000e+04
-4.875000000000000000e+04 3.979560703982815176e+04
-4.925000000000000000e+04 3.975114883186022053e+04
-4.925212290967931767e+04 3.975000000000000000e+04
-4.975000000000000000e+04 3.927979988127121032e+04
-5.025000000000000000e+04 3.925002806222415529e+04
-5.025005181417546555e+04 3.925000000000000000e+04
-5.075000000000000000e+04 3.877199626437475672e+04
-5.077790550800540950e+04 3.875000000000000000e+04
-5.125000000000000000e+04 3.853557701631382952e+04
-5.175000000000000000e+04 3.826718689549074043e+04
-5.176990508347823925e+04 3.825000000000000000e+04
-5.225000000000000000e+04 3.785196021143082180e+04
-5.275000000000000000e+04 3.776067180663241015e+04
-5.276140417951731797e+04 3.775000000000000000e+04
-5.325000000000000000e+04 3.732588400641663611e+04
-5.375000000000000000e+04 3.725320580133783369e+04
-5.375590180681479251e+04 3.725000000000000000e+04
-5.425000000000000000e+04 3.680234882960718096e+04
-5.475000000000000000e+04 3.675131329392040789e+04
-5.475255158185982145e+04 3.675000000000000000e+04
-5.525000000000000000e+04 3.634388722573487030e+04
-5.575000000000000000e+04 3.626219588938362722e+04
-5.577373709655527637e+04 3.625000000000000000e+04
-5.625000000000000000e+04 3.583821165945985558e+04
-5.636880631021365843e+04 3.575000000000000000e+04
-5.675000000000000000e+04 3.542364677698901505e+04
-5.725000000000000000e+04 3.537429815325597883e+04
-5.735282820686889318e+04 3.525000000000000000e+04
-5.738122679738776060e+04 3.475000000000000000e+04
-5.775000000000000000e+04 3.428695378990508470e+04
-5.776725325413430255e+04 3.425000000000000000e+04
-5.825000000000000000e+04 3.392194344523765176e+04
-5.875000000000000000e+04 3.375325527647352283e+04
-5.875367249316989910e+04 3.375000000000000000e+04
-5.925000000000000000e+04 3.338580086876360292e+04
-5.975000000000000000e+04 3.325584023973240255e+04
-5.976109191094210109e+04 3.325000000000000000e+04
-6.025000000000000000e+04 3.294062403958482901e+04
-6.075000000000000000e+04 3.277453852261502470e+04
-6.078686712343128602e+04 3.275000000000000000e+04
-6.103980862450404675e+04 3.225000000000000000e+04
-6.125000000000000000e+04 3.200424217496239362e+04
-6.141845328610746219e+04 3.175000000000000000e+04
-6.154033230335974804e+04 3.125000000000000000e+04
-6.175000000000000000e+04 3.101881044991871386e+04
-6.225000000000000000e+04 3.075005931582781341e+04
-6.225005904751600610e+04 3.075000000000000000e+04
-6.275000000000000000e+04 3.038549237464539692e+04
-6.288240541836833290e+04 3.025000000000000000e+04
-6.325000000000000000e+04 2.989163665226521334e+04
-6.343060170618024131e+04 2.975000000000000000e+04
-6.375000000000000000e+04 2.945196361213098862e+04
-6.425000000000000000e+04 2.925485695781280083e+04
-6.425484066839492880e+04 2.925000000000000000e+04
-6.443386691254385369e+04 2.875000000000000000e+04
-6.475000000000000000e+04 2.842035762560697549e+04
-6.488425970102930296e+04 2.825000000000000000e+04
-6.525000000000000000e+04 2.775589096131565748e+04
-6.525605112929182360e+04 2.775000000000000000e+04
-6.575000000000000000e+04 2.725042315818329007e+04
-6.575043573683139402e+04 2.725000000000000000e+04
-6.593497898052888922e+04 2.675000000000000000e+04
-6.625000000000000000e+04 2.642167851550808700e+04
-6.642193023571519007e+04 2.625000000000000000e+04
-6.675000000000000000e+04 2.591777394649371490e+04
-6.691907782036221761e+04 2.575000000000000000e+04
-6.708760830076932325e+04 2.525000000000000000e+04
-6.725000000000000000e+04 2.500649076751614484e+04
-6.743401562878256664e+04 2.475000000000000000e+04
-6.775000000000000000e+04 2.425050750606076326e+04
-6.775052434792392887e+04 2.425000000000000000e+04
-6.809561488161170564e+04 2.375000000000000000e+04
-6.825000000000000000e+04 2.350976369344959312e+04
-6.851125554268569977e+04 2.325000000000000000e+04
-6.859192988160258392e+04 2.275000000000000000e+04
-6.875000000000000000e+04 2.258616261617091004e+04
-6.909620350406717625e+04 2.225000000000000000e+04
-6.909812189291596587e+04 2.175000000000000000e+04
-6.925000000000000000e+04 2.159047908903525968e+04
-6.960401176763925469e+04 2.125000000000000000e+04
-6.975000000000000000e+04 2.076404570642746330e+04
-6.976678721462305111e+04 2.075000000000000000e+04
-7.025000000000000000e+04 2.025004147732153797e+04
-7.025004005207440059e+04 2.025000000000000000e+04
-7.029376703599037137e+04 1.975000000000000000e+04
-7.075000000000000000e+04 1.932189456778816384e+04
-7.081186468611948658e+04 1.925000000000000000e+04
-7.125000000000000000e+04 1.879645018304870609e+04
-7.128467819203002728e+04 1.875000000000000000e+04
-7.131496671788567619e+04 1.825000000000000000e+04
-7.175000000000000000e+04 1.779873171015968182e+04
-7.177196183532370196e+04 1.775000000000000000e+04
-7.183238795974728419e+04 1.725000000000000000e+04
-7.225000000000000000e+04 1.677622819324347438e+04
-7.226318815145484405e+04 1.675000000000000000e+04
-7.233943682611078839e+04 1.625000000000000000e+04
-7.241363385175261647e+04 1.575000000000000000e+04
-7.275000000000000000e+04 1.533918687381197742e+04
-7.282400525828432001e+04 1.525000000000000000e+04
-7.287383018671278842e+04 1.475000000000000000e+04
-7.325000000000000000e+04 1.427163141712896504e+04
-7.326090403476456413e+04 1.425000000000000000e+04
-7.334092735553845705e+04 1.375000000000000000e+04
-7.337368685062231089e+04 1.325000000000000000e+04
-7.375000000000000000e+04 1.276398201390253598e+04
-7.375667439724082942e+04 1.275000000000000000e+04
-7.379320359032000124e+04 1.225000000000000000e+04
-7.385613221206587332e+04 1.175000000000000000e+04
-7.391003792309957498e+04 1.125000000000000000e+04
-7.425000000000000000e+04 1.075207632591783658e+04
-7.425086009027257387e+04 1.075000000000000000e+04
-7.428356779439152160e+04 1.025000000000000000e+04
-7.434816239404653606e+04 9.750000000000000000e+03
-7.438789071966080519e+04 9.250000000000000000e+03
-7.453406103224751132e+04 8.750000000000000000e+03
-7.456000397812647861e+04 8.250000000000000000e+03
-7.475000000000000000e+04 7.754335323363748103e+03
-7.475165211812642519e+04 7.750000000000000000e+03
-7.478736982306056598e+04 7.250000000000000000e+03
-7.484353381418412027e+04 6.750000000000000000e+03
-7.501787621006308473e+04 6.250000000000000000e+03
-7.503575366137374658e+04 5.750000000000000000e+03
-7.506236691055333358e+04 5.250000000000000000e+03
-7.525000000000000000e+04 4.750644879881780071e+03
-7.525024833943456179e+04 4.750000000000000000e+03
-7.528059776399507246e+04 4.250000000000000000e+03
-7.529987096457590815e+04 3.750000000000000000e+03
-7.534618120405745867e+04 3.250000000000000000e+03
-7.536129414856807853e+04 2.750000000000000000e+03
-7.536771593950991519e+04 2.250000000000000000e+03
-7.537603623021031672e+04 1.750000000000000000e+03
-7.538372498364956118e+04 1.250000000000000000e+03
-7.538785302341870556e+04 7.500000000000000000e+02
-7.539232100747450022e+04 2.500000000000000000e+02
