6.402733799295839390e+02
3.064027337992957473e+04
6.064027337992956018e+04
9.064027337992955290e+04
1.206402733799295384e+05
1.506402733799295384e+05
1.806402733799295384e+05
2.106402733799295092e+05
2.406402733799295092e+05
2.706402733799294801e+05
3.006402733799294801e+05
3.306402733799294801e+05
3.606402733799294801e+05
3.906402733799294801e+05
4.206402733799294219e+05
4.506402733799294219e+05
4.806402733799294219e+05
5.106402733799294219e+05
5.406402733799293637e+05
5.706402733799293637e+05
6.006402733799293637e+05
6.306402733799293637e+05
6.606402733799293637e+05
6.906402733799293637e+05
7.206402733799293637e+05
7.506402733799293637e+05
7.806402733799293637e+05
8.106402733799292473e+05
8.406402733799292473e+05
8.706402733799292473e+05
9.006402733799292473e+05
9.306402733799292473e+05
9.606402733799292473e+05
9.906402733799292473e+05
1.020640273379929247e+06
1.050640273379929131e+06
1.080640273379929131e+06
1.110640273379929131e+06
1.140640273379929131e+06
1.170640273379929131e+06
1.200640273379929131e+06
1.230640273379929131e+06
1.260640273379929131e+06
1.290640273379929131e+06
1.320640273379929131e+06
1.350640273379929131e+06
1.380640273379929131e+06
1.410640273379929131e+06
1.440640273379929131e+06
1.470640273379929131e+06
1.500640273379929131e+06
1.530640273379929131e+06
1.560640273379929131e+06
1.590640273379929131e+06
1.620640273379928898e+06
1.650640273379928898e+06
1.680640273379928898e+06
1.710640273379928898e+06
1.740640273379928898e+06
1.770640273379928898e+06
1.800640273379928898e+06
1.830640273379928898e+06
1.860640273379928898e+06
1.890640273379928898e+06
1.920640273379928898e+06
1.950640273379928898e+06
1.980640273379928898e+06
2.010640273379928898e+06
2.040640273379928898e+06
2.070640273379928898e+06
2.100640273379928432e+06
2.130640273379928432e+06
2.160640273379928432e+06
2.190640273379928432e+06
2.220640273379928432e+06
2.250640273379928432e+06
2.280640273379928432e+06
2.310640273379928432e+06
2.340640273379928432e+06
2.370640273379928432e+06
2.400640273379928432e+06
2.430640273379928432e+06
2.460640273379928432e+06
2.490640273379928432e+06
2.520640273379928432e+06
2.550640273379928432e+06
2.580640273379928432e+06
2.610640273379928432e+06
2.640640273379928432e+06
2.670640273379928432e+06
2.700640273379928432e+06
2.730640273379928432e+06
2.760640273379928432e+06
2.790640273379928432e+06
2.820640273379928432e+06
2.850640273379928432e+06
2.880640273379928432e+06
2.910640273379928432e+06
2.940640273379928432e+06
2.970640273379928432e+06
3.000640273379928432e+06
3.030640273379928432e+06
3.060640273379928432e+06
3.090640273379928432e+06
3.120640273379928432e+06
3.150640273379928432e+06
3.180640273379928432e+06
3.210640273379927967e+06
3.240640273379927967e+06
