-1.782909467115141917e+06
-1.752909467115141917e+06
-1.722909467115141917e+06
-1.692909467115141917e+06
-1.662909467115141917e+06
-1.632909467115141917e+06
-1.602909467115141917e+06
-1.572909467115141917e+06
-1.542909467115141917e+06
-1.512909467115141917e+06
-1.482909467115141917e+06
-1.452909467115141917e+06
-1.422909467115141917e+06
-1.392909467115141917e+06
-1.362909467115141917e+06
-1.332909467115141917e+06
-1.302909467115141917e+06
-1.272909467115141917e+06
-1.242909467115141917e+06
-1.212909467115141917e+06
-1.182909467115141917e+06
-1.152909467115141917e+06
-1.122909467115141917e+06
-1.092909467115141917e+06
-1.062909467115141917e+06
-1.032909467115141917e+06
-1.002909467115141917e+06
-9.729094671151419170e+05
-9.429094671151419170e+05
-9.129094671151419170e+05
-8.829094671151419170e+05
-8.529094671151419170e+05
-8.229094671151419170e+05
-7.929094671151419170e+05
-7.629094671151419170e+05
-7.329094671151419170e+05
-7.029094671151419170e+05
-6.729094671151419170e+05
-6.429094671151419170e+05
-6.129094671151419170e+05
-5.829094671151419170e+05
-5.529094671151419170e+05
-5.229094671151419170e+05
-4.929094671151419170e+05
-4.629094671151419170e+05
-4.329094671151419170e+05
-4.029094671151419170e+05
-3.729094671151419170e+05
-3.429094671151419170e+05
-3.129094671151419170e+05
-2.829094671151419170e+05
-2.529094671151419170e+05
-2.229094671151419170e+05
-1.929094671151419170e+05
-1.629094671151419170e+05
-1.329094671151419170e+05
-1.029094671151419170e+05
-7.290946711514191702e+04
-4.290946711514191702e+04
-1.290946711514191702e+04
1.709053288485808298e+04
4.709053288485808298e+04
7.709053288485808298e+04
1.070905328848580830e+05
1.370905328848580830e+05
1.670905328848580830e+05
1.970905328848580830e+05
2.270905328848580830e+05
2.570905328848580830e+05
2.870905328848580830e+05
3.170905328848580830e+05
3.470905328848580830e+05
3.770905328848580830e+05
4.070905328848580830e+05
4.370905328848580830e+05
4.670905328848580830e+05
4.970905328848580830e+05
5.270905328848580830e+05
5.570905328848580830e+05
5.870905328848580830e+05
6.170905328848580830e+05
6.470905328848580830e+05
6.770905328848580830e+05
7.070905328848580830e+05
