5.107774838340230781e+04 5.000000000000000000e+02
5.107077261316583463e+04 1.500000000000000000e+03
5.106065202780116670e+04 2.500000000000000000e+03
5.104760132386448822e+04 3.500000000000000000e+03
5.081236243098392879e+04 4.500000000000000000e+03
5.078313912364326097e+04 5.500000000000000000e+03
5.074753011839589453e+04 6.500000000000000000e+03
5.071541175251401728e+04 7.500000000000000000e+03
5.060780668660967785e+04 8.500000000000000000e+03
5.056340141225521074e+04 9.500000000000000000e+03
5.052720055526898068e+04 1.050000000000000000e+04
5.050032857729930402e+04 1.150000000000000000e+04
5.050000000000000000e+04 1.150083252508745863e+04
5.009821955527555838e+04 1.250000000000000000e+04
5.004785480765830289e+04 1.350000000000000000e+04
4.975328295006218832e+04 1.450000000000000000e+04
4.964782853923083894e+04 1.550000000000000000e+04
4.954740350425347424e+04 1.650000000000000000e+04
4.950036333723617281e+04 1.750000000000000000e+04
4.950000000000000000e+04 1.750086408032909094e+04
4.906946586421391112e+04 1.850000000000000000e+04
4.876075776687577309e+04 1.950000000000000000e+04
4.862420757205197151e+04 2.050000000000000000e+04
4.850381912094588188e+04 2.150000000000000000e+04
4.850000000000000000e+04 2.150918489826075893e+04
4.807909111298186326e+04 2.250000000000000000e+04
4.776095274264355248e+04 2.350000000000000000e+04
4.759589240448933560e+04 2.450000000000000000e+04
4.750163865633893874e+04 2.550000000000000000e+04
4.750000000000000000e+04 2.550344833615545213e+04
4.702738079491697135e+04 2.650000000000000000e+04
4.654230679959389818e+04 2.750000000000000000e+04
4.650023093406285625e+04 2.850000000000000000e+04
4.650000000000000000e+04 2.850046532139478586e+04
4.568191841574722639e+04 2.950000000000000000e+04
4.551698601656834217e+04 3.050000000000000000e+04
4.550000000000000000e+04 3.052120696308289916e+04
4.505764014519675402e+04 3.150000000000000000e+04
4.458606330854173575e+04 3.250000000000000000e+04
4.450143689135444583e+04 3.350000000000000000e+04
4.450000000000000000e+04 3.350276233620523999e+04
4.365493740127482306e+04 3.450000000000000000e+04
4.350708899049242609e+04 3.550000000000000000e+04
4.350000000000000000e+04 3.551376489912318357e+04
4.270908578311882593e+04 3.650000000000000000e+04
4.252438964166533697e+04 3.750000000000000000e+04
4.250000000000000000e+04 3.752863525927168666e+04
4.204220456372578337e+04 3.850000000000000000e+04
4.153388850072344940e+04 3.950000000000000000e+04
4.150000000000000000e+04 3.954068829018552060e+04
4.104996449714533810e+04 4.050000000000000000e+04
4.053749434001259215e+04 4.150000000000000000e+04
4.050000000000000000e+04 4.154359295919798751e+04
3.972975261507723917e+04 4.250000000000000000e+04
3.952784674907341105e+04 4.350000000000000000e+04
3.950000000000000000e+04 4.353091706115440320e+04
3.866083564776537969e+04 4.450000000000000000e+04
3.851196564742964256e+04 4.550000000000000000e+04
3.850000000000000000e+04 4.551279837268470146e+04
3.758997613427723991e+04 4.650000000000000000e+04
3.750000000000000000e+04 4.660677642927855049e+04
3.677658208937841118e+04 4.750000000000000000e+04
3.653964011324526655e+04 4.850000000000000000e+04
3.650000000000000000e+04 4.854193317593100073e+04
3.560939892124390462e+04 4.950000000000000000e+04
3.550000000000000000e+04 4.961679364953856566e+04
3.503987842194924451e+04 5.050000000000000000e+04
3.451008890411516768e+04 5.150000000000000000e+04
3.450000000000000000e+04 5.151768328528737766e+04
3.363461677458876511e+04 5.250000000000000000e+04
3.350000000000000000e+04 5.264212734392894345e+04
3.263057578817160902e+04 5.350000000000000000e+04
3.250000000000000000e+04 5.363672653665725375e+04
3.157324458042997867e+04 5.450000000000000000e+04
3.150000000000000000e+04 5.457805800489085232e+04
3.074188166696166081e+04 5.550000000000000000e+04
3.057174103793841277e+04 5.650000000000000000e+04
3.050000000000000000e+04 5.659199819381757698e+04
2.975837260009318561e+04 5.750000000000000000e+04
2.950000000000000000e+04 5.779899768177416263e+04
2.850000000000000000e+04 5.811972131015394552e+04
2.750000000000000000e+04 5.813417007187556010e+04
2.687109673657501480e+04 5.850000000000000000e+04
2.655093346655493951e+04 5.950000000000000000e+04
2.650099953684091452e+04 6.050000000000000000e+04
2.650000000000000000e+04 6.050232488980911148e+04
2.586760383660510706e+04 6.150000000000000000e+04
2.550000000000000000e+04 6.197742025203716912e+04
2.459439671715982331e+04 6.250000000000000000e+04
2.450000000000000000e+04 6.255103120479145582e+04
2.350000000000000000e+04 6.308958362005851086e+04
2.264879923532568500e+04 6.350000000000000000e+04
2.250000000000000000e+04 6.364330075452207529e+04
2.156556954070670326e+04 6.450000000000000000e+04
2.150000000000000000e+04 6.456556863626523409e+04
2.052383119077079391e+04 6.550000000000000000e+04
2.050000000000000000e+04 6.552376951512237429e+04
1.955822083826126618e+04 6.650000000000000000e+04
1.950000000000000000e+04 6.655549244203956914e+04
1.850743186802552009e+04 6.750000000000000000e+04
1.850000000000000000e+04 6.750645818147264072e+04
1.750000000000000000e+04 6.772468193185370183e+04
1.666728825998937828e+04 6.850000000000000000e+04
1.650000000000000000e+04 6.864446659100941906e+04
1.555766877982070400e+04 6.950000000000000000e+04
1.550000000000000000e+04 6.954958591072467971e+04
1.450000000000000000e+04 6.969353246128039609e+04
1.354268993449796835e+04 7.050000000000000000e+04
1.350000000000000000e+04 7.053630822852687561e+04
1.250284037712128338e+04 7.150000000000000000e+04
1.250000000000000000e+04 7.150275183887939784e+04
1.150000000000000000e+04 7.160668117577095109e+04
1.051746810758861830e+04 7.250000000000000000e+04
1.050000000000000000e+04 7.251623857985369978e+04
9.500000000000000000e+03 7.273291032588813687e+04
8.534745089955478761e+03 7.350000000000000000e+04
8.500000000000000000e+03 7.352834978730158764e+04
7.500000000000000000e+03 7.407847011259412102e+04
6.541095036628173148e+03 7.450000000000000000e+04
6.500000000000000000e+03 7.453087511202224414e+04
5.500000000000000000e+03 7.507853439090115717e+04
4.531254497502309277e+03 7.550000000000000000e+04
4.500000000000000000e+03 7.552327871349579073e+04
3.500000000000000000e+03 7.578143011393056076e+04
2.514277813713079922e+03 7.650000000000000000e+04
2.500000000000000000e+03 7.651104299889066897e+04
1.500000000000000000e+03 7.670453117800840118e+04
5.027993117133349301e+02 7.750000000000000000e+04
5.000000000000000000e+02 7.750236066961348115e+04
-5.000000000000000000e+02 7.760073076280982059e+04
-1.500000000000000000e+03 7.808126416296813113e+04
-2.491251599874609383e+03 7.850000000000000000e+04
-2.500000000000000000e+03 7.850633381510799518e+04
-3.500000000000000000e+03 7.867610074770510255e+04
-4.500000000000000000e+03 7.910099649111148028e+04
-5.493396428265768918e+03 7.950000000000000000e+04
-5.500000000000000000e+03 7.950440400686618523e+04
-6.500000000000000000e+03 7.965903068458617781e+04
-7.500000000000000000e+03 7.984933362857026805e+04
-8.500000000000000000e+03 8.050081557377854188e+04
-9.500000000000000000e+03 8.057631041888355685e+04
-1.050000000000000000e+04 8.073683575402434508e+04
-1.150000000000000000e+04 8.088197718294050719e+04
-1.250000000000000000e+04 8.115930758942717512e+04
-1.350000000000000000e+04 8.155343441495241132e+04
-1.450000000000000000e+04 8.169310531455749879e+04
-1.550000000000000000e+04 8.178599026274701464e+04
-1.650000000000000000e+04 8.191345763248817821e+04
-1.750000000000000000e+04 8.215303585978843330e+04
-1.850000000000000000e+04 8.251435740721857292e+04
-1.950000000000000000e+04 8.259228174213037710e+04
-2.050000000000000000e+04 8.266374827181306318e+04
-2.150000000000000000e+04 8.273247476835644920e+04
-2.250000000000000000e+04 8.278305689360333781e+04
-2.350000000000000000e+04 8.283799199754519213e+04
-2.450000000000000000e+04 8.289115188384432986e+04
-2.550000000000000000e+04 8.292641994601882470e+04
-2.650000000000000000e+04 8.312516252917765814e+04
-2.750000000000000000e+04 8.313886820370731584e+04
-2.850000000000000000e+04 8.315658217470494856e+04
-2.950000000000000000e+04 8.316231032420598785e+04
-3.050000000000000000e+04 8.316609927173407050e+04
-3.150000000000000000e+04 8.316208564990697778e+04
-3.250000000000000000e+04 8.315671051050220558e+04
-3.350000000000000000e+04 8.314331799978888012e+04
-3.450000000000000000e+04 8.312616914476310194e+04
-3.550000000000000000e+04 8.291528098777680134e+04
-3.650000000000000000e+04 8.288271399072172062e+04
-3.750000000000000000e+04 8.284020013495476451e+04
-3.850000000000000000e+04 8.278737063540973759e+04
-3.950000000000000000e+04 8.272271399118378758e+04
-4.050000000000000000e+04 8.266573427774873562e+04
-4.150000000000000000e+04 8.259205382310764981e+04
-4.250000000000000000e+04 8.251694285307738755e+04
-4.350000000000000000e+04 8.250002922543793102e+04
-4.450000000000000000e+04 8.191116925748917856e+04
-4.550000000000000000e+04 8.182238077743790927e+04
-4.650000000000000000e+04 8.172004433489893563e+04
-4.750000000000000000e+04 8.161349058811117720e+04
-4.850000000000000000e+04 8.151443543839134509e+04
-4.950000000000000000e+04 8.150001708276444697e+04
-5.050000000000000000e+04 8.084522962194563297e+04
-5.150000000000000000e+04 8.070114808933304448e+04
-5.250000000000000000e+04 8.054608752927258320e+04
-5.350000000000000000e+04 8.050041682786638557e+04
-5.450000000000000000e+04 7.978424400112465082e+04
-5.550000000000000000e+04 7.962449012775903975e+04
-5.650000000000000000e+04 7.950790868482172664e+04
-5.651054423900800612e+04 7.950000000000000000e+04
-5.750000000000000000e+04 7.907241763629778870e+04
-5.850000000000000000e+04 7.865470650861928880e+04
-5.950000000000000000e+04 7.851412191901472397e+04
-5.951830415160385019e+04 7.850000000000000000e+04
-6.050000000000000000e+04 7.806608447271285695e+04
-6.150000000000000000e+04 7.762992261930243694e+04
-6.250000000000000000e+04 7.750527751754637575e+04
-6.251063516862106189e+04 7.750000000000000000e+04
-6.350000000000000000e+04 7.674557338651097962e+04
-6.450000000000000000e+04 7.653679708887013840e+04
-6.454641979821163841e+04 7.650000000000000000e+04
-6.550000000000000000e+04 7.606482294411274779e+04
-6.650000000000000000e+04 7.556166947915329365e+04
-6.750000000000000000e+04 7.550026619930464949e+04
-6.750050033546272607e+04 7.550000000000000000e+04
-6.850000000000000000e+04 7.458172408878248825e+04
-6.950000000000000000e+04 7.450086785525987216e+04
-6.950161001311140717e+04 7.450000000000000000e+04
-7.050000000000000000e+04 7.357865114571017330e+04
-7.150000000000000000e+04 7.350033781206390995e+04
-7.150062959040336136e+04 7.350000000000000000e+04
-7.250000000000000000e+04 7.256385905035419273e+04
-7.257615286687959451e+04 7.250000000000000000e+04
-7.350000000000000000e+04 7.205760791128229175e+04
-7.450000000000000000e+04 7.154031309626580332e+04
-7.454373180772778869e+04 7.150000000000000000e+04
-7.550000000000000000e+04 7.067095803109814005e+04
-7.650000000000000000e+04 7.050643171369137417e+04
-7.651148534170123457e+04 7.050000000000000000e+04
-7.750000000000000000e+04 6.957460909086545871e+04
-7.758150615928195475e+04 6.950000000000000000e+04
-7.850000000000000000e+04 6.871246585848031100e+04
-7.950000000000000000e+04 6.851541618954503792e+04
-7.951603214234278130e+04 6.850000000000000000e+04
-8.050000000000000000e+04 6.755881175892820465e+04
-8.056221931505519024e+04 6.750000000000000000e+04
-8.150000000000000000e+04 6.664052349134335236e+04
-8.165753783507963817e+04 6.650000000000000000e+04
-8.250000000000000000e+04 6.606281188434665091e+04
-8.350000000000000000e+04 6.552579004818264366e+04
-8.352675534448181861e+04 6.550000000000000000e+04
-8.450000000000000000e+04 6.455882448049802770e+04
-8.457263024035294075e+04 6.450000000000000000e+04
-8.550000000000000000e+04 6.407160883890178957e+04
-8.650000000000000000e+04 6.379100828634153731e+04
-8.678192388173102518e+04 6.350000000000000000e+04
-8.750000000000000000e+04 6.254897733283864363e+04
-8.752051038847968448e+04 6.250000000000000000e+04
-8.801309602812898811e+04 6.150000000000000000e+04
-8.850000000000000000e+04 6.052617557795614994e+04
-8.851513317362569796e+04 6.050000000000000000e+04
-8.913654329082094773e+04 5.950000000000000000e+04
-8.950000000000000000e+04 5.913381668016072217e+04
-9.050000000000000000e+04 5.874600456652249704e+04
-9.150000000000000000e+04 5.870785634113228298e+04
-9.250000000000000000e+04 5.857564594490743184e+04
-9.257486736626351194e+04 5.850000000000000000e+04
-9.275688530524018279e+04 5.750000000000000000e+04
-9.350000000000000000e+04 5.653127494160493370e+04
-9.352885496641710051e+04 5.650000000000000000e+04
-9.405625318300341314e+04 5.550000000000000000e+04
-9.450000000000000000e+04 5.460457192395899619e+04
-9.462492995207301283e+04 5.450000000000000000e+04
-9.550000000000000000e+04 5.378782269854663900e+04
-9.650000000000000000e+04 5.353780039818250953e+04
-9.651969638340138772e+04 5.350000000000000000e+04
-9.677388762511625828e+04 5.250000000000000000e+04
-9.750000000000000000e+04 5.166748563144096261e+04
-9.766056518025859259e+04 5.150000000000000000e+04
-9.850000000000000000e+04 5.052703855536659830e+04
-9.852621842213779746e+04 5.050000000000000000e+04
-9.950000000000000000e+04 4.950609802613886859e+04
-9.950596080600532878e+04 4.950000000000000000e+04
-9.965839399019225675e+04 4.850000000000000000e+04
-1.005000000000000000e+05 4.757474292207342660e+04
-1.005696093590369419e+05 4.750000000000000000e+04
-1.015000000000000000e+05 4.652436471999237256e+04
-1.015235323165382433e+05 4.650000000000000000e+04
-1.025000000000000000e+05 4.550106642226064287e+04
-1.025005624716235761e+05 4.550000000000000000e+04
-1.025937407983271551e+05 4.450000000000000000e+04
-1.035000000000000000e+05 4.352947554775240133e+04
-1.035283006671792828e+05 4.350000000000000000e+04
-1.040592798331774538e+05 4.250000000000000000e+04
-1.045000000000000000e+05 4.157534982902036427e+04
-1.045628019712981040e+05 4.150000000000000000e+04
-1.055000000000000000e+05 4.051295427927465062e+04
-1.055125776986313140e+05 4.050000000000000000e+04
-1.060117696044523618e+05 3.950000000000000000e+04
-1.065000000000000000e+05 3.852175131222055643e+04
-1.065208241927075287e+05 3.850000000000000000e+04
-1.070254922711492836e+05 3.750000000000000000e+04
-1.075000000000000000e+05 3.652186876618822134e+04
-1.075199006252835825e+05 3.650000000000000000e+04
-1.080223395079412294e+05 3.550000000000000000e+04
-1.085000000000000000e+05 3.451567993822812423e+04
-1.085079335272955213e+05 3.450000000000000000e+04
-1.090056009313040995e+05 3.350000000000000000e+04
-1.095000000000000000e+05 3.250445986995965723e+04
-1.095022398326299299e+05 3.250000000000000000e+04
-1.096231558833844902e+05 3.150000000000000000e+04
-1.100486808418531582e+05 3.050000000000000000e+04
-1.105000000000000000e+05 2.951387462512279308e+04
-1.105062792756787821e+05 2.950000000000000000e+04
-1.110022742516674189e+05 2.850000000000000000e+04
-1.110675810993802734e+05 2.750000000000000000e+04
-1.115000000000000000e+05 2.651215089897528742e+04
-1.115054565816854447e+05 2.650000000000000000e+04
-1.120013576855873689e+05 2.550000000000000000e+04
-1.120520166374465771e+05 2.450000000000000000e+04
-1.125000000000000000e+05 2.350621847960438390e+04
-1.125027942462962965e+05 2.350000000000000000e+04
-1.126493281341394468e+05 2.250000000000000000e+04
-1.130273608211937826e+05 2.150000000000000000e+04
-1.135000000000000000e+05 2.050022398316844919e+04
-1.135001013736443856e+05 2.050000000000000000e+04
-1.135189049860000814e+05 1.950000000000000000e+04
-1.136764104202129238e+05 1.850000000000000000e+04
-1.140267571443331108e+05 1.750000000000000000e+04
-1.140905481897382269e+05 1.650000000000000000e+04
-1.145000000000000000e+05 1.550271583361786361e+04
-1.145011103513599373e+05 1.550000000000000000e+04
-1.145642712358153512e+05 1.450000000000000000e+04
-1.146901194666501833e+05 1.350000000000000000e+04
-1.150171205397067824e+05 1.250000000000000000e+04
-1.150455142653775401e+05 1.150000000000000000e+04
-1.150902524800919928e+05 1.050000000000000000e+04
-1.151324244920313213e+05 9.500000000000000000e+03
-1.155000000000000000e+05 8.500625328935560901e+03
-1.155002323172586184e+05 8.500000000000000000e+03
-1.155355186315143364e+05 7.500000000000000000e+03
-1.155671889193853276e+05 6.500000000000000000e+03
-1.155945554992132675e+05 5.500000000000000000e+03
-1.156182342692440143e+05 4.500000000000000000e+03
-1.156994929805488209e+05 3.500000000000000000e+03
-1.157126795102158649e+05 2.500000000000000000e+03
-1.157210820456979272e+05 1.500000000000000000e+03
-1.157289897258489073e+05 5.000000000000000000e+02
