-1.937774023148883134e+05
-1.927874023148883134e+05
-1.917974023148883134e+05
-1.908074023148883134e+05
-1.898174023148883134e+05
-1.888274023148883134e+05
-1.878374023148883134e+05
-1.868474023148883134e+05
-1.858574023148883134e+05
-1.848674023148883134e+05
-1.838774023148883134e+05
-1.828874023148883134e+05
-1.818974023148883134e+05
-1.809074023148883134e+05
-1.799174023148883134e+05
-1.789274023148883134e+05
-1.779374023148883134e+05
-1.769474023148883134e+05
-1.759574023148883134e+05
-1.749674023148883134e+05
-1.739774023148883134e+05
-1.729874023148883134e+05
-1.719974023148883134e+05
-1.710074023148883134e+05
-1.700174023148883134e+05
-1.690274023148883134e+05
-1.680374023148883134e+05
-1.670474023148883134e+05
-1.660574023148883134e+05
-1.650674023148883134e+05
-1.640774023148883134e+05
-1.630874023148883134e+05
-1.620974023148883134e+05
-1.611074023148883134e+05
-1.601174023148883134e+05
-1.591274023148883134e+05
-1.581374023148883134e+05
-1.571474023148883134e+05
-1.561574023148883134e+05
-1.551674023148883134e+05
-1.541774023148883134e+05
-1.531874023148883134e+05
-1.521974023148883134e+05
-1.512074023148883134e+05
-1.502174023148883134e+05
-1.492274023148883134e+05
-1.482374023148883134e+05
-1.472474023148883134e+05
-1.462574023148883134e+05
-1.452674023148883134e+05
-1.442774023148883134e+05
-1.432874023148883134e+05
-1.422974023148883134e+05
-1.413074023148883134e+05
-1.403174023148883134e+05
-1.393274023148883134e+05
-1.383374023148883134e+05
-1.373474023148883134e+05
-1.363574023148883134e+05
-1.353674023148883134e+05
-1.343774023148883134e+05
-1.333874023148883134e+05
-1.323974023148883134e+05
-1.314074023148883134e+05
-1.304174023148883134e+05
-1.294274023148883134e+05
-1.284374023148883134e+05
-1.274474023148883134e+05
-1.264574023148883134e+05
-1.254674023148883134e+05
-1.244774023148883134e+05
-1.234874023148883134e+05
-1.224974023148883134e+05
-1.215074023148883134e+05
-1.205174023148883134e+05
-1.195274023148883134e+05
-1.185374023148883134e+05
-1.175474023148883134e+05
-1.165574023148883134e+05
-1.155674023148883134e+05
-1.145774023148883134e+05
-1.135874023148883134e+05
-1.125974023148883134e+05
-1.116074023148883134e+05
-1.106174023148883134e+05
-1.096274023148883134e+05
-1.086374023148883134e+05
-1.076474023148883134e+05
-1.066574023148883134e+05
-1.056674023148883134e+05
-1.046774023148883134e+05
-1.036874023148883134e+05
-1.026974023148883134e+05
-1.017074023148883134e+05
-1.007174023148883134e+05
-9.972740231488831341e+04
-9.873740231488831341e+04
-9.774740231488831341e+04
-9.675740231488831341e+04
-9.576740231488831341e+04
-9.477740231488831341e+04
-9.378740231488831341e+04
-9.279740231488831341e+04
-9.180740231488831341e+04
-9.081740231488831341e+04
-8.982740231488831341e+04
-8.883740231488831341e+04
-8.784740231488831341e+04
-8.685740231488831341e+04
-8.586740231488831341e+04
-8.487740231488831341e+04
-8.388740231488831341e+04
-8.289740231488831341e+04
-8.190740231488831341e+04
-8.091740231488831341e+04
-7.992740231488831341e+04
-7.893740231488831341e+04
-7.794740231488831341e+04
-7.695740231488831341e+04
-7.596740231488831341e+04
-7.497740231488831341e+04
-7.398740231488831341e+04
-7.299740231488831341e+04
-7.200740231488831341e+04
-7.101740231488831341e+04
-7.002740231488831341e+04
-6.903740231488831341e+04
-6.804740231488831341e+04
-6.705740231488831341e+04
-6.606740231488831341e+04
-6.507740231488831341e+04
-6.408740231488831341e+04
-6.309740231488831341e+04
-6.210740231488831341e+04
-6.111740231488831341e+04
-6.012740231488831341e+04
-5.913740231488831341e+04
-5.814740231488831341e+04
-5.715740231488831341e+04
-5.616740231488831341e+04
-5.517740231488831341e+04
-5.418740231488831341e+04
-5.319740231488831341e+04
-5.220740231488831341e+04
-5.121740231488831341e+04
-5.022740231488831341e+04
-4.923740231488831341e+04
-4.824740231488831341e+04
-4.725740231488831341e+04
-4.626740231488831341e+04
-4.527740231488831341e+04
-4.428740231488831341e+04
-4.329740231488831341e+04
-4.230740231488831341e+04
-4.131740231488831341e+04
-4.032740231488831341e+04
-3.933740231488831341e+04
-3.834740231488831341e+04
-3.735740231488831341e+04
-3.636740231488831341e+04
-3.537740231488831341e+04
-3.438740231488831341e+04
-3.339740231488831341e+04
-3.240740231488831341e+04
-3.141740231488831341e+04
-3.042740231488831341e+04
-2.943740231488831341e+04
-2.844740231488831341e+04
-2.745740231488831341e+04
-2.646740231488831341e+04
-2.547740231488831341e+04
-2.448740231488831341e+04
-2.349740231488831341e+04
-2.250740231488831341e+04
-2.151740231488831341e+04
-2.052740231488831341e+04
-1.953740231488831341e+04
-1.854740231488831341e+04
-1.755740231488831341e+04
-1.656740231488831341e+04
-1.557740231488831341e+04
-1.458740231488831341e+04
-1.359740231488831341e+04
-1.260740231488831341e+04
-1.161740231488831341e+04
-1.062740231488831341e+04
-9.637402314888313413e+03
-8.647402314888313413e+03
-7.657402314888313413e+03
-6.667402314888313413e+03
-5.677402314888313413e+03
-4.687402314888313413e+03
-3.697402314888313413e+03
-2.707402314888313413e+03
-1.717402314888313413e+03
-7.274023148883134127e+02
2.625976851116865873e+02
1.252597685111686587e+03
2.242597685111686587e+03
3.232597685111686587e+03
4.222597685111686587e+03
5.212597685111686587e+03
6.202597685111686587e+03
7.192597685111686587e+03
8.182597685111686587e+03
9.172597685111686587e+03
1.016259768511168659e+04
1.115259768511168659e+04
1.214259768511168659e+04
1.313259768511168659e+04
1.412259768511168659e+04
1.511259768511168659e+04
1.610259768511168659e+04
1.709259768511168659e+04
1.808259768511168659e+04
1.907259768511168659e+04
2.006259768511168659e+04
2.105259768511168659e+04
2.204259768511168659e+04
2.303259768511168659e+04
2.402259768511168659e+04
2.501259768511168659e+04
2.600259768511168659e+04
2.699259768511168659e+04
2.798259768511168659e+04
2.897259768511168659e+04
2.996259768511168659e+04
3.095259768511168659e+04
3.194259768511168659e+04
3.293259768511168659e+04
3.392259768511168659e+04
3.491259768511168659e+04
3.590259768511168659e+04
3.689259768511168659e+04
3.788259768511168659e+04
3.887259768511168659e+04
3.986259768511168659e+04
4.085259768511168659e+04
4.184259768511168659e+04
4.283259768511168659e+04
4.382259768511168659e+04
4.481259768511168659e+04
4.580259768511168659e+04
4.679259768511168659e+04
4.778259768511168659e+04
4.877259768511168659e+04
4.976259768511168659e+04
5.075259768511168659e+04
5.174259768511168659e+04
5.273259768511168659e+04
5.372259768511168659e+04
5.471259768511168659e+04
5.570259768511168659e+04
5.669259768511168659e+04
5.768259768511168659e+04
5.867259768511168659e+04
5.966259768511168659e+04
6.065259768511168659e+04
6.164259768511168659e+04
6.263259768511168659e+04
6.362259768511168659e+04
6.461259768511168659e+04
6.560259768511168659e+04
6.659259768511168659e+04
6.758259768511168659e+04
6.857259768511168659e+04
6.956259768511168659e+04
7.055259768511168659e+04
7.154259768511168659e+04
7.253259768511168659e+04
7.352259768511168659e+04
7.451259768511168659e+04
7.550259768511168659e+04
7.649259768511168659e+04
7.748259768511168659e+04
7.847259768511168659e+04
7.946259768511168659e+04
8.045259768511168659e+04
8.144259768511168659e+04
8.243259768511168659e+04
8.342259768511168659e+04
8.441259768511168659e+04
8.540259768511168659e+04
8.639259768511168659e+04
8.738259768511168659e+04
8.837259768511168659e+04
8.936259768511168659e+04
9.035259768511168659e+04
9.134259768511168659e+04
9.233259768511168659e+04
9.332259768511168659e+04
9.431259768511168659e+04
9.530259768511168659e+04
9.629259768511168659e+04
9.728259768511168659e+04
9.827259768511168659e+04
9.926259768511168659e+04
1.002525976851116866e+05
1.012425976851116866e+05
1.022325976851116866e+05
1.032225976851116866e+05
1.042125976851116866e+05
1.052025976851116866e+05
1.061925976851116866e+05
1.071825976851116866e+05
1.081725976851116866e+05
1.091625976851116866e+05
1.101525976851116866e+05
1.111425976851116866e+05
1.121325976851116866e+05
1.131225976851116866e+05
1.141125976851116866e+05
1.151025976851116866e+05
1.160925976851116866e+05
1.170825976851116866e+05
1.180725976851116866e+05
1.190625976851116866e+05
1.200525976851116866e+05
1.210425976851116866e+05
1.220325976851116866e+05
1.230225976851116866e+05
1.240125976851116866e+05
1.250025976851116866e+05
1.259925976851116866e+05
1.269825976851116866e+05
1.279725976851116866e+05
1.289625976851116866e+05
1.299525976851116866e+05
1.309425976851116866e+05
1.319325976851116866e+05
1.329225976851116866e+05
1.339125976851116866e+05
1.349025976851116866e+05
1.358925976851116866e+05
1.368825976851116866e+05
1.378725976851116866e+05
1.388625976851116866e+05
1.398525976851116866e+05
1.408425976851116866e+05
1.418325976851116866e+05
1.428225976851116866e+05
1.438125976851116866e+05
1.448025976851116866e+05
1.457925976851116866e+05
1.467825976851116866e+05
1.477725976851116866e+05
1.487625976851116866e+05
1.497525976851116866e+05
1.507425976851116866e+05
1.517325976851116866e+05
1.527225976851116866e+05
1.537125976851116866e+05
1.547025976851116866e+05
1.556925976851116866e+05
1.566825976851116866e+05
1.576725976851116866e+05
1.586625976851116866e+05
1.596525976851116866e+05
1.606425976851116866e+05
1.616325976851116866e+05
1.626225976851116866e+05
1.636125976851116866e+05
1.646025976851116866e+05
1.655925976851116866e+05
1.665825976851116866e+05
1.675725976851116866e+05
1.685625976851116866e+05
1.695525976851116866e+05
1.705425976851116866e+05
1.715325976851116866e+05
1.725225976851116866e+05
1.735125976851116866e+05
1.745025976851116866e+05
1.754925976851116866e+05
1.764825976851116866e+05
1.774725976851116866e+05
1.784625976851116866e+05
1.794525976851116866e+05
1.804425976851116866e+05
1.814325976851116866e+05
1.824225976851116866e+05
1.834125976851116866e+05
1.844025976851116866e+05
1.853925976851116866e+05
1.863825976851116866e+05
1.873725976851116866e+05
1.883625976851116866e+05
1.893525976851116866e+05
1.903425976851116866e+05
1.913325976851116866e+05
1.923225976851116866e+05
1.933125976851116866e+05
