-6.108044499725439891e+03
-5.118044499725439891e+03
-4.128044499725439891e+03
-3.138044499725439891e+03
-2.148044499725439891e+03
-1.158044499725439891e+03
-1.680444997254398913e+02
8.219555002745601087e+02
1.811955500274560109e+03
2.801955500274560109e+03
3.791955500274560109e+03
4.781955500274560109e+03
5.771955500274560109e+03
6.761955500274560109e+03
7.751955500274560109e+03
8.741955500274560109e+03
9.731955500274560109e+03
1.072195550027456011e+04
1.171195550027456011e+04
1.270195550027456011e+04
1.369195550027456011e+04
1.468195550027456011e+04
1.567195550027456011e+04
1.666195550027456193e+04
1.765195550027456193e+04
1.864195550027456193e+04
1.963195550027456193e+04
2.062195550027456193e+04
2.161195550027456193e+04
2.260195550027456193e+04
2.359195550027456193e+04
2.458195550027456193e+04
2.557195550027456193e+04
2.656195550027456193e+04
2.755195550027456193e+04
2.854195550027456193e+04
2.953195550027456193e+04
3.052195550027456193e+04
3.151195550027456193e+04
3.250195550027456193e+04
3.349195550027456193e+04
3.448195550027456193e+04
3.547195550027456193e+04
3.646195550027456193e+04
3.745195550027456193e+04
3.844195550027456193e+04
3.943195550027456193e+04
4.042195550027456193e+04
4.141195550027456193e+04
4.240195550027456193e+04
4.339195550027456193e+04
4.438195550027456193e+04
4.537195550027456193e+04
4.636195550027456193e+04
4.735195550027456193e+04
4.834195550027456193e+04
4.933195550027456193e+04
5.032195550027456193e+04
5.131195550027456193e+04
5.230195550027456193e+04
5.329195550027456193e+04
5.428195550027456193e+04
5.527195550027456193e+04
5.626195550027456193e+04
5.725195550027456193e+04
5.824195550027456193e+04
5.923195550027456193e+04
6.022195550027456193e+04
6.121195550027456193e+04
6.220195550027456193e+04
6.319195550027456193e+04
6.418195550027456193e+04
6.517195550027456193e+04
6.616195550027456193e+04
6.715195550027456193e+04
6.814195550027456193e+04
6.913195550027456193e+04
7.012195550027456193e+04
7.111195550027456193e+04
7.210195550027456193e+04
7.309195550027456193e+04
7.408195550027456193e+04
7.507195550027456193e+04
7.606195550027456193e+04
7.705195550027456193e+04
7.804195550027456193e+04
7.903195550027456193e+04
8.002195550027456193e+04
8.101195550027456193e+04
8.200195550027456193e+04
8.299195550027456193e+04
8.398195550027456193e+04
8.497195550027456193e+04
8.596195550027456193e+04
8.695195550027456193e+04
8.794195550027456193e+04
8.893195550027456193e+04
8.992195550027456193e+04
9.091195550027456193e+04
9.190195550027456193e+04
9.289195550027456193e+04
9.388195550027456193e+04
9.487195550027456193e+04
9.586195550027456193e+04
9.685195550027456193e+04
9.784195550027456193e+04
9.883195550027456193e+04
9.982195550027456193e+04
1.008119555002745619e+05
1.018019555002745619e+05
1.027919555002745619e+05
1.037819555002745619e+05
1.047719555002745619e+05
1.057619555002745619e+05
1.067519555002745619e+05
1.077419555002745619e+05
1.087319555002745619e+05
1.097219555002745619e+05
1.107119555002745619e+05
1.117019555002745619e+05
1.126919555002745619e+05
1.136819555002745619e+05
1.146719555002745619e+05
1.156619555002745619e+05
1.166519555002745619e+05
1.176419555002745619e+05
1.186319555002745619e+05
1.196219555002745619e+05
1.206119555002745619e+05
1.216019555002745619e+05
1.225919555002745619e+05
1.235819555002745619e+05
1.245719555002745619e+05
1.255619555002745619e+05
1.265519555002745619e+05
1.275419555002745619e+05
1.285319555002745619e+05
1.295219555002745619e+05
1.305119555002745619e+05
1.315019555002745474e+05
1.324919555002745474e+05
1.334819555002745474e+05
1.344719555002745474e+05
1.354619555002745474e+05
1.364519555002745474e+05
1.374419555002745474e+05
1.384319555002745474e+05
1.394219555002745474e+05
1.404119555002745474e+05
1.414019555002745474e+05
1.423919555002745474e+05
1.433819555002745474e+05
1.443719555002745474e+05
1.453619555002745474e+05
1.463519555002745474e+05
1.473419555002745474e+05
1.483319555002745474e+05
1.493219555002745474e+05
1.503119555002745474e+05
1.513019555002745474e+05
1.522919555002745474e+05
1.532819555002745474e+05
1.542719555002745474e+05
1.552619555002745474e+05
1.562519555002745474e+05
1.572419555002745474e+05
1.582319555002745474e+05
1.592219555002745474e+05
1.602119555002745474e+05
1.612019555002745474e+05
1.621919555002745474e+05
1.631819555002745474e+05
1.641719555002745474e+05
1.651619555002745474e+05
1.661519555002745474e+05
1.671419555002745474e+05
1.681319555002745474e+05
1.691219555002745474e+05
1.701119555002745474e+05
1.711019555002745474e+05
1.720919555002745474e+05
1.730819555002745474e+05
1.740719555002745474e+05
1.750619555002745474e+05
1.760519555002745474e+05
1.770419555002745474e+05
1.780319555002745474e+05
1.790219555002745474e+05
1.800119555002745474e+05
1.810019555002745474e+05
1.819919555002745474e+05
1.829819555002745474e+05
1.839719555002745474e+05
1.849619555002745474e+05
1.859519555002745474e+05
1.869419555002745474e+05
1.879319555002745474e+05
1.889219555002745474e+05
1.899119555002745474e+05
1.909019555002745474e+05
1.918919555002745474e+05
1.928819555002745474e+05
