2.613810345455566221e+03 1.650000000000000000e+01
2.590500000000000000e+03 4.010547388013819159e+01
2.557500000000000000e+03 4.035927004403441742e+01
2.458500000000000000e+03 4.214580853491889911e+01
2.425500000000000000e+03 4.367892752533551715e+01
2.227500000000000000e+03 4.621967954745027640e+01
2.194500000000000000e+03 4.657862566173150043e+01
2.161500000000000000e+03 4.689973250772868596e+01
2.128500000000000000e+03 4.665178514576125224e+01
2.125630289322548379e+03 4.950000000000000000e+01
2.524500000000000000e+03 7.499232177363911944e+01
2.491500000000000000e+03 7.476172108353139834e+01
2.392500000000000000e+03 7.603540703484839014e+01
2.125552113845305030e+03 8.250000000000000000e+01
2.359500000000000000e+03 1.104577354835587357e+02
2.260500000000000000e+03 1.116330623700980311e+02
2.095500000000000000e+03 1.127967382035170800e+02
2.062500000000000000e+03 1.147156299406993583e+02
2.061709255789404324e+03 1.155000000000000000e+02
2.326500000000000000e+03 1.437893906284113541e+02
2.293500000000000000e+03 1.441578352927062667e+02
2.029500000000000000e+03 1.480503655552450653e+02
1.996902488325319382e+03 1.485000000000000000e+02
1.996500000000000000e+03 1.497393050988263212e+02
1.989722385773500264e+03 1.815000000000000000e+02
1.989295905771013622e+03 2.145000000000000000e+02
1.986981254812645830e+03 2.475000000000000000e+02
1.985552154361322891e+03 2.805000000000000000e+02
1.984359568696768747e+03 3.135000000000000000e+02
1.983384161630764311e+03 3.465000000000000000e+02
1.996304391181727397e+03 3.795000000000000000e+02
2.028529113719457882e+03 4.125000000000000000e+02
1.996245240767167616e+03 4.455000000000000000e+02
1.966543552838411870e+03 4.785000000000000000e+02
1.964494988994142432e+03 5.115000000000000000e+02
1.963500000000000000e+03 5.143878159570455182e+02
1.962998559086560363e+03 5.445000000000000000e+02
1.994842733800252745e+03 5.775000000000000000e+02
1.962739347605218427e+03 6.105000000000000000e+02
1.933411912065715796e+03 6.435000000000000000e+02
1.930500000000000000e+03 6.507620955230481741e+02
1.920754258381515911e+03 6.765000000000000000e+02
1.917907947885050817e+03 7.095000000000000000e+02
1.907113120116712025e+03 7.425000000000000000e+02
1.903469791325597726e+03 7.755000000000000000e+02
1.899434297278265149e+03 8.085000000000000000e+02
1.897500000000000000e+03 8.138197363818695749e+02
1.887226324115586522e+03 8.415000000000000000e+02
1.876794702963585678e+03 8.745000000000000000e+02
1.870720738872593301e+03 9.075000000000000000e+02
1.866625674541262015e+03 9.405000000000000000e+02
1.864500000000000000e+03 9.451085252527559533e+02
1.852460025735659201e+03 9.735000000000000000e+02
1.849611774156870069e+03 1.006500000000000000e+03
1.835370862574237208e+03 1.039500000000000000e+03
1.831500000000000000e+03 1.048523924322241101e+03
1.822357628809857033e+03 1.072500000000000000e+03
1.817832737347670445e+03 1.105500000000000000e+03
1.815109217164181700e+03 1.138500000000000000e+03
1.798860446351877272e+03 1.171500000000000000e+03
1.798500000000000000e+03 1.172289788392750324e+03
1.785224699361185685e+03 1.204500000000000000e+03
1.782642069075500331e+03 1.237500000000000000e+03
1.766957706697921822e+03 1.270500000000000000e+03
1.765510430508450781e+03 1.303500000000000000e+03
1.765500000000000000e+03 1.303520899814205450e+03
1.749638997736720057e+03 1.336500000000000000e+03
1.735389694712798473e+03 1.369500000000000000e+03
1.732620607805951067e+03 1.402500000000000000e+03
1.732500000000000000e+03 1.402725858140357332e+03
1.716336288069366219e+03 1.435500000000000000e+03
1.700722098624726414e+03 1.468500000000000000e+03
1.699541927813350640e+03 1.501500000000000000e+03
1.699500000000000000e+03 1.501582420762587390e+03
1.683275495099924001e+03 1.534500000000000000e+03
1.666804739000288919e+03 1.567500000000000000e+03
1.666500000000000000e+03 1.568103045074974489e+03
1.656443997385678358e+03 1.600500000000000000e+03
1.650332231251403982e+03 1.633500000000000000e+03
1.633843275401894061e+03 1.666500000000000000e+03
1.633500000000000000e+03 1.667184386643287780e+03
1.623101485113694480e+03 1.699500000000000000e+03
1.617085603330456934e+03 1.732500000000000000e+03
1.600957086937353097e+03 1.765500000000000000e+03
1.600500000000000000e+03 1.766416879070367031e+03
1.589851530523040083e+03 1.798500000000000000e+03
1.579233610335999174e+03 1.831500000000000000e+03
1.567754068183312711e+03 1.864500000000000000e+03
1.567500000000000000e+03 1.865004476681166580e+03
1.551314157613250018e+03 1.897500000000000000e+03
1.534897847561523804e+03 1.930500000000000000e+03
1.534500000000000000e+03 1.931290771641887659e+03
1.523639986059917646e+03 1.963500000000000000e+03
1.501978263364805798e+03 1.996500000000000000e+03
1.501500000000000000e+03 1.997455522311632194e+03
1.490674970820620274e+03 2.029500000000000000e+03
1.469005683950696948e+03 2.062500000000000000e+03
1.468500000000000000e+03 2.063492847026000618e+03
1.452434262229996193e+03 2.095500000000000000e+03
1.435575383780427728e+03 2.128500000000000000e+03
1.435500000000000000e+03 2.128611363242342122e+03
1.434953119903062543e+03 2.161500000000000000e+03
1.467145666986595415e+03 2.194500000000000000e+03
1.434401151480253930e+03 2.227500000000000000e+03
1.369500000000000000e+03 2.227516138913515533e+03
1.402500000000000000e+03 2.259422687667080936e+03
1.337523698007045596e+03 2.260500000000000000e+03
1.336500000000000000e+03 2.261572306248531731e+03
1.315156072910727289e+03 2.293500000000000000e+03
1.303500000000000000e+03 2.310716167475274233e+03
1.295618869677021621e+03 2.326500000000000000e+03
1.281954868518504099e+03 2.359500000000000000e+03
1.270920754038341556e+03 2.392500000000000000e+03
1.270500000000000000e+03 2.393353457852260362e+03
1.265156877939217338e+03 2.425500000000000000e+03
1.247826624222672763e+03 2.458500000000000000e+03
1.237500000000000000e+03 2.467344913641815310e+03
1.213497044022092723e+03 2.491500000000000000e+03
1.204500000000000000e+03 2.501373812578247907e+03
1.171500000000000000e+03 2.503519714629508144e+03
1.146763161529879881e+03 2.524500000000000000e+03
1.138500000000000000e+03 2.535516732479997700e+03
1.105500000000000000e+03 2.549580845764846345e+03
1.089600744066504149e+03 2.557500000000000000e+03
1.072500000000000000e+03 2.568860417461318775e+03
1.040504252261576084e+03 2.590500000000000000e+03
1.039500000000000000e+03 2.591010203675104549e+03
1.020946486069420530e+03 2.623500000000000000e+03
1.013919439808633342e+03 2.656500000000000000e+03
1.006500000000000000e+03 2.662642750459649960e+03
9.823738211467471046e+02 2.689500000000000000e+03
9.787873734666633254e+02 2.722500000000000000e+03
9.735000000000000000e+02 2.729341202722428079e+03
9.496060930701403322e+02 2.755500000000000000e+03
9.470638853562977602e+02 2.788500000000000000e+03
9.461451479197075969e+02 2.821500000000000000e+03
9.405000000000000000e+02 2.827211941687144190e+03
9.156094338905928680e+02 2.854500000000000000e+03
9.075000000000000000e+02 2.861471640892788400e+03
8.812219606573623878e+02 2.887500000000000000e+03
8.745000000000000000e+02 2.894204466512243926e+03
8.415000000000000000e+02 2.895667129778071285e+03
8.161292308431649190e+02 2.920500000000000000e+03
8.085000000000000000e+02 2.927598553563359928e+03
7.755000000000000000e+02 2.931665097703531501e+03
7.538299737966382281e+02 2.953500000000000000e+03
7.425000000000000000e+02 2.963975895661753839e+03
7.095000000000000000e+02 2.971591519061161307e+03
6.946601171479663890e+02 2.986500000000000000e+03
6.765000000000000000e+02 3.003167310446403008e+03
6.435000000000000000e+02 3.009704001811763646e+03
6.428626498043543052e+02 3.019500000000000000e+03
6.105000000000000000e+02 3.051654229741979179e+03
6.096542295842787098e+02 3.052500000000000000e+03
5.775000000000000000e+02 3.084450229447250422e+03
5.445000000000000000e+02 3.084861384307847402e+03
5.115000000000000000e+02 3.076168708706397410e+03
4.787292066787820772e+02 3.085500000000000000e+03
4.785000000000000000e+02 3.085652847266542267e+03
4.455000000000000000e+02 3.110295827136629669e+03
4.290951168443386337e+02 3.118500000000000000e+03
4.125000000000000000e+02 3.129566230688715223e+03
3.795026226785947188e+02 3.151500000000000000e+03
3.795000000000000000e+02 3.151501746768927660e+03
3.465000000000000000e+02 3.162730817401353761e+03
3.135712132449058913e+02 3.184500000000000000e+03
3.135000000000000000e+02 3.184547015403927617e+03
2.805000000000000000e+02 3.201098876775234203e+03
2.477943428777018937e+02 3.217500000000000000e+03
2.475000000000000000e+02 3.217599616237353530e+03
2.145000000000000000e+02 3.234160737537220939e+03
1.818555607227576445e+02 3.250500000000000000e+03
1.815000000000000000e+02 3.250619551912358475e+03
1.485000000000000000e+02 3.267141897588005577e+03
1.159260854597353614e+02 3.283500000000000000e+03
1.155000000000000000e+02 3.283643288488306098e+03
8.250000000000000000e+01 3.300122264509990600e+03
4.996278675365568489e+01 3.316500000000000000e+03
4.950000000000000000e+01 3.316656028497712214e+03
1.650000000000000000e+01 3.333135864904774735e+03
-1.590980116154362634e+01 3.349500000000000000e+03
-1.650000000000000000e+01 3.349698562031812344e+03
-4.950000000000000000e+01 3.366047505861023637e+03
-8.227183475687007785e+01 3.382500000000000000e+03
-8.250000000000000000e+01 3.382576405291094034e+03
-1.155000000000000000e+02 3.393564070305412315e+03
-1.485000000000000000e+02 3.400138506993046121e+03
-1.813376391626079567e+02 3.415500000000000000e+03
-1.815000000000000000e+02 3.415580254459805019e+03
-2.145000000000000000e+02 3.420576590353816755e+03
-2.475000000000000000e+02 3.434298615624771173e+03
-2.788793087154494401e+02 3.448500000000000000e+03
-2.805000000000000000e+02 3.449025432272810576e+03
-3.135000000000000000e+02 3.453472834870734005e+03
-3.465000000000000000e+02 3.466549735996108211e+03
-3.795000000000000000e+02 3.470499168130266753e+03
-4.057418492297450712e+02 3.481500000000000000e+03
-4.125000000000000000e+02 3.484224612969965165e+03
-4.455000000000000000e+02 3.487551777469702756e+03
-4.785000000000000000e+02 3.500675869145689376e+03
-5.115000000000000000e+02 3.504138819870000134e+03
-5.379040284047242721e+02 3.514500000000000000e+03
-5.445000000000000000e+02 3.516997349346542251e+03
-5.775000000000000000e+02 3.519528392120545050e+03
-6.105000000000000000e+02 3.532718988635234837e+03
-6.435000000000000000e+02 3.535033515934986099e+03
-6.748065982336020170e+02 3.547500000000000000e+03
-6.765000000000000000e+02 3.548178199695788862e+03
-7.095000000000000000e+02 3.550372604936671905e+03
-7.425000000000000000e+02 3.553410041445575644e+03
-7.755000000000000000e+02 3.566382604426421949e+03
-8.085000000000000000e+02 3.572125020901250082e+03
-8.354957812086834110e+02 3.580500000000000000e+03
-8.415000000000000000e+02 3.582968725573327902e+03
-8.745000000000000000e+02 3.592970011862066258e+03
-9.075000000000000000e+02 3.599654012191253969e+03
-9.405000000000000000e+02 3.602115582915022969e+03
-9.735000000000000000e+02 3.614755905204958253e+03
-1.006500000000000000e+03 3.615756266995068017e+03
-1.039500000000000000e+03 3.617592713502703191e+03
-1.072500000000000000e+03 3.626845761698437400e+03
-1.105500000000000000e+03 3.637047309917008079e+03
-1.138500000000000000e+03 3.647267101136266319e+03
-1.171500000000000000e+03 3.649409791479302839e+03
-1.204500000000000000e+03 3.650016807792916552e+03
-1.237500000000000000e+03 3.650294925633745606e+03
-1.270500000000000000e+03 3.650185178719746546e+03
-1.303500000000000000e+03 3.650563424469302390e+03
-1.336500000000000000e+03 3.663289416681835974e+03
-1.369500000000000000e+03 3.664896222136251708e+03
-1.402500000000000000e+03 3.666182697233639374e+03
-1.435500000000000000e+03 3.670472131461019671e+03
-1.468500000000000000e+03 3.679540239780268621e+03
-1.501500000000000000e+03 3.680307355208915396e+03
-1.534500000000000000e+03 3.680922349428447887e+03
-1.567500000000000000e+03 3.681357329824762019e+03
-1.600500000000000000e+03 3.682398104001971205e+03
-1.633500000000000000e+03 3.682582776010989619e+03
-1.666500000000000000e+03 3.682967033936034113e+03
-1.699500000000000000e+03 3.683206117664294197e+03
-1.732500000000000000e+03 3.683562239686779776e+03
-1.765500000000000000e+03 3.683776002852523561e+03
-1.798500000000000000e+03 3.683943659488043068e+03
-1.831500000000000000e+03 3.683862389691052613e+03
-1.864500000000000000e+03 3.682424794377245235e+03
-1.897500000000000000e+03 3.682074204008214565e+03
-1.930500000000000000e+03 3.680850528996075354e+03
-1.963500000000000000e+03 3.679847930406738669e+03
-1.996500000000000000e+03 3.666404720901617111e+03
-2.029500000000000000e+03 3.664825166020845245e+03
-2.062500000000000000e+03 3.658672695858393126e+03
-2.095500000000000000e+03 3.651312908209200032e+03
-2.128500000000000000e+03 3.648984637904659849e+03
-2.161500000000000000e+03 3.647907513422509055e+03
-2.194500000000000000e+03 3.646508911242263366e+03
-2.227500000000000000e+03 3.632637277887878099e+03
-2.260500000000000000e+03 3.630529740838432190e+03
-2.293500000000000000e+03 3.624696086983894020e+03
-2.326500000000000000e+03 3.615368561467026211e+03
-2.359500000000000000e+03 3.614138141315343091e+03
-2.392500000000000000e+03 3.600660643539740249e+03
-2.425500000000000000e+03 3.598721246094211892e+03
-2.458500000000000000e+03 3.592045633249684215e+03
-2.491500000000000000e+03 3.588851750446257483e+03
-2.524500000000000000e+03 3.581432344317796378e+03
-2.557500000000000000e+03 3.580537271870161021e+03
-2.557649650874453073e+03 3.580500000000000000e+03
-2.590500000000000000e+03 3.565411055096712971e+03
-2.623500000000000000e+03 3.558627310689926162e+03
-2.656500000000000000e+03 3.549042054438554715e+03
-2.689500000000000000e+03 3.547600337611580471e+03
-2.689904655670753073e+03 3.547500000000000000e+03
-2.722500000000000000e+03 3.532744181348033635e+03
-2.755500000000000000e+03 3.518645182027450574e+03
-2.788500000000000000e+03 3.515695733235002990e+03
-2.821500000000000000e+03 3.514910877670812170e+03
-2.823118016175120374e+03 3.514500000000000000e+03
-2.854500000000000000e+03 3.491683826397855682e+03
-2.887500000000000000e+03 3.485130595830371476e+03
-2.896087234060067658e+03 3.481500000000000000e+03
-2.920500000000000000e+03 3.458788491582120059e+03
-2.933997330290480022e+03 3.448500000000000000e+03
-2.926067915338504918e+03 3.415500000000000000e+03
-2.926909038204191802e+03 3.382500000000000000e+03
-2.953500000000000000e+03 3.351905358854262431e+03
-2.954796871144978013e+03 3.349500000000000000e+03
-2.986500000000000000e+03 3.343334747833902838e+03
-3.019500000000000000e+03 3.339107277451149912e+03
-3.052500000000000000e+03 3.316508174343747669e+03
-3.052513023096214511e+03 3.316500000000000000e+03
-3.085500000000000000e+03 3.311016986670569622e+03
-3.118500000000000000e+03 3.305677311558833480e+03
-3.151500000000000000e+03 3.297204961993373217e+03
-3.173577719489255742e+03 3.283500000000000000e+03
-3.184500000000000000e+03 3.278076769832637638e+03
-3.217500000000000000e+03 3.269622305156349739e+03
-3.250500000000000000e+03 3.264829429194266140e+03
-3.283500000000000000e+03 3.261552714305798418e+03
-3.316500000000000000e+03 3.250507388437989903e+03
-3.316518371537378243e+03 3.250500000000000000e+03
-3.349500000000000000e+03 3.237773069030598890e+03
-3.382500000000000000e+03 3.230887671161291564e+03
-3.415500000000000000e+03 3.223181979458073329e+03
-3.448500000000000000e+03 3.217586244067756525e+03
-3.448928574036960072e+03 3.217500000000000000e+03
-3.481500000000000000e+03 3.203512384657723032e+03
-3.514500000000000000e+03 3.196163724454205294e+03
-3.547500000000000000e+03 3.186135972524811223e+03
-3.553939815673526937e+03 3.184500000000000000e+03
-3.580500000000000000e+03 3.161618533075888990e+03
-3.613500000000000000e+03 3.157641747276232309e+03
-3.622090265382529196e+03 3.151500000000000000e+03
-3.621334229084436629e+03 3.118500000000000000e+03
-3.614679283636374748e+03 3.085500000000000000e+03
-3.615027631347306851e+03 3.052500000000000000e+03
-3.616039600872241863e+03 3.019500000000000000e+03
-3.646500000000000000e+03 3.014479445547235173e+03
-3.679500000000000000e+03 3.003429189942770790e+03
-3.696283903924414517e+03 2.986500000000000000e+03
-3.712500000000000000e+03 2.980280209341270165e+03
-3.745500000000000000e+03 2.973823691392346518e+03
-3.778500000000000000e+03 2.970566956005628526e+03
-3.811500000000000000e+03 2.966701333612794770e+03
-3.828026971604977007e+03 2.953500000000000000e+03
-3.844500000000000000e+03 2.938339427756652185e+03
-3.877500000000000000e+03 2.934561273095185697e+03
-3.910500000000000000e+03 2.952657986456534672e+03
-3.943500000000000000e+03 2.952656004875367671e+03
-3.976500000000000000e+03 2.952104005374014378e+03
-4.008928802725636615e+03 2.920500000000000000e+03
-4.009500000000000000e+03 2.898749349473064740e+03
-4.042500000000000000e+03 2.888136529636898103e+03
-4.075500000000000000e+03 2.887579666854692277e+03
-4.076194352271061234e+03 2.887500000000000000e+03
-4.108500000000000000e+03 2.871791686958571518e+03
-4.141500000000000000e+03 2.854770075545766304e+03
-4.141904501178147257e+03 2.854500000000000000e+03
-4.142773445766410077e+03 2.821500000000000000e+03
-4.144061084052826118e+03 2.788500000000000000e+03
-4.149987141469626295e+03 2.755500000000000000e+03
-4.174500000000000000e+03 2.722857735758274885e+03
-4.174620134653460809e+03 2.722500000000000000e+03
-4.207500000000000000e+03 2.691203387944941369e+03
-4.212344734463122222e+03 2.689500000000000000e+03
-4.240500000000000000e+03 2.667312367720612656e+03
-4.273500000000000000e+03 2.657905361008648015e+03
-4.306500000000000000e+03 2.656807281079295080e+03
-4.307109075368175581e+03 2.656500000000000000e+03
-4.339500000000000000e+03 2.633475358727673211e+03
-4.372500000000000000e+03 2.623693586872466312e+03
-4.372694612484913705e+03 2.623500000000000000e+03
-4.373829070210232203e+03 2.590500000000000000e+03
-4.405500000000000000e+03 2.557524726000965984e+03
-4.405524466720153214e+03 2.557500000000000000e+03
-4.406880756291084253e+03 2.524500000000000000e+03
-4.438500000000000000e+03 2.492123758037449534e+03
-4.439136162781477651e+03 2.491500000000000000e+03
-4.471500000000000000e+03 2.458631096455540501e+03
-4.471636200547110093e+03 2.458500000000000000e+03
-4.477810350185303832e+03 2.425500000000000000e+03
-4.504500000000000000e+03 2.398122317349872446e+03
-4.510151427170296301e+03 2.392500000000000000e+03
-4.517773099953516976e+03 2.359500000000000000e+03
-4.537500000000000000e+03 2.338283074240072438e+03
-4.544678240355930029e+03 2.326500000000000000e+03
-4.570500000000000000e+03 2.293555519487779293e+03
-4.570555906676691848e+03 2.293500000000000000e+03
-4.583840944745882553e+03 2.260500000000000000e+03
-4.603500000000000000e+03 2.235821525097365793e+03
-4.610569364901326480e+03 2.227500000000000000e+03
-4.620796974015598607e+03 2.194500000000000000e+03
-4.636500000000000000e+03 2.178052558867801054e+03
-4.649752630355594192e+03 2.161500000000000000e+03
-4.661330881625859547e+03 2.128500000000000000e+03
-4.669500000000000000e+03 2.117611559240518091e+03
-4.686065715312118300e+03 2.095500000000000000e+03
-4.702500000000000000e+03 2.062507768292976834e+03
-4.702506126532268354e+03 2.062500000000000000e+03
-4.719135510145725675e+03 2.029500000000000000e+03
-4.727514669798153591e+03 1.996500000000000000e+03
-4.735500000000000000e+03 1.988321647619983651e+03
-4.756281793509418094e+03 1.963500000000000000e+03
-4.762024444902035611e+03 1.930500000000000000e+03
-4.768500000000000000e+03 1.922287928609322989e+03
-4.793415292819306160e+03 1.897500000000000000e+03
-4.795074851275455330e+03 1.864500000000000000e+03
-4.801500000000000000e+03 1.856264596186398194e+03
-4.826797584334931344e+03 1.831500000000000000e+03
-4.834500000000000000e+03 1.798641667692581677e+03
-4.834646949845562631e+03 1.798500000000000000e+03
-4.861586015085788858e+03 1.765500000000000000e+03
-4.867500000000000000e+03 1.732738746737792098e+03
-4.867826205380935789e+03 1.732500000000000000e+03
-4.900500000000000000e+03 1.701470169167599124e+03
-4.903373930160442796e+03 1.699500000000000000e+03
-4.933500000000000000e+03 1.667443929838149870e+03
-4.934883207670790398e+03 1.666500000000000000e+03
-4.966500000000000000e+03 1.636864807990731606e+03
-4.999500000000000000e+03 1.633925366486068015e+03
-5.000193476842588097e+03 1.633500000000000000e+03
-5.032500000000000000e+03 1.603590339008061846e+03
-5.065500000000000000e+03 1.606257654965117581e+03
-5.069452830665522924e+03 1.600500000000000000e+03
-5.074918155336717973e+03 1.567500000000000000e+03
-5.098500000000000000e+03 1.543527938676653548e+03
-5.105380522280562218e+03 1.534500000000000000e+03
-5.131500000000000000e+03 1.504878914685606787e+03
-5.132247531363235794e+03 1.501500000000000000e+03
-5.140330317879865106e+03 1.468500000000000000e+03
-5.164500000000000000e+03 1.439529474997514853e+03
-5.165593530970993015e+03 1.435500000000000000e+03
-5.173703920141865638e+03 1.402500000000000000e+03
-5.197500000000000000e+03 1.372282478255695423e+03
-5.198241300960664375e+03 1.369500000000000000e+03
-5.200767470043890171e+03 1.336500000000000000e+03
-5.230500000000000000e+03 1.303639417554756847e+03
-5.230591331943226578e+03 1.303500000000000000e+03
-5.231966078873590050e+03 1.270500000000000000e+03
-5.247257661416157134e+03 1.237500000000000000e+03
-5.263500000000000000e+03 1.204791290794421229e+03
-5.263573310256078003e+03 1.204500000000000000e+03
-5.265218852521114968e+03 1.171500000000000000e+03
-5.272543608973475784e+03 1.138500000000000000e+03
-5.296500000000000000e+03 1.105513748750734521e+03
-5.296508828860986796e+03 1.105500000000000000e+03
-5.297309874985007809e+03 1.072500000000000000e+03
-5.305000868327983881e+03 1.039500000000000000e+03
-5.308756625125429309e+03 1.006500000000000000e+03
-5.316098107109535704e+03 9.735000000000000000e+02
-5.329500000000000000e+03 9.432270064032119308e+02
-5.330075782314072967e+03 9.405000000000000000e+02
-5.337851411296600418e+03 9.075000000000000000e+02
-5.341302856371844427e+03 8.745000000000000000e+02
-5.348068057262407820e+03 8.415000000000000000e+02
-5.350519853545686601e+03 8.085000000000000000e+02
-5.362500000000000000e+03 7.788092353370955152e+02
-5.363185476241979813e+03 7.755000000000000000e+02
-5.365826763392153225e+03 7.425000000000000000e+02
-5.367623961007184334e+03 7.095000000000000000e+02
-5.379377599776171337e+03 6.765000000000000000e+02
-5.380895475322447055e+03 6.435000000000000000e+02
-5.382253779750092690e+03 6.105000000000000000e+02
-5.383858897787327805e+03 5.775000000000000000e+02
-5.395500000000000000e+03 5.481527292841685721e+02
-5.396434164405493902e+03 5.445000000000000000e+02
-5.398091539759418083e+03 5.115000000000000000e+02
-5.399019564955426176e+03 4.785000000000000000e+02
-5.399859826648465969e+03 4.455000000000000000e+02
-5.403574604328454370e+03 4.125000000000000000e+02
-5.404621778021644786e+03 3.795000000000000000e+02
-5.405384157880944258e+03 3.465000000000000000e+02
-5.405217404303049989e+03 3.135000000000000000e+02
-5.404731564850420000e+03 2.805000000000000000e+02
-5.404656863000985140e+03 2.475000000000000000e+02
-5.404854489355111582e+03 2.145000000000000000e+02
-5.526121473270646675e+03 1.815000000000000000e+02
-5.405515525162372796e+03 1.485000000000000000e+02
-5.406384197432170367e+03 1.155000000000000000e+02
-5.404569030373731039e+03 8.250000000000000000e+01
-5.404030518679029228e+03 4.950000000000000000e+01
-5.404330287688913813e+03 1.650000000000000000e+01
