2.819297203946443915e+03
1.228192972039463930e+05
2.428192972039463348e+05
3.628192972039462766e+05
4.828192972039462184e+05
6.028192972039461602e+05
7.228192972039460437e+05
8.428192972039459273e+05
9.628192972039459273e+05
1.082819297203945927e+06
1.202819297203945927e+06
1.322819297203945694e+06
1.442819297203945694e+06
1.562819297203945694e+06
1.682819297203945462e+06
1.802819297203945462e+06
1.922819297203945462e+06
2.042819297203945462e+06
2.162819297203945462e+06
2.282819297203945462e+06
2.402819297203945462e+06
2.522819297203944996e+06
2.642819297203944996e+06
2.762819297203944996e+06
2.882819297203944996e+06
3.002819297203944996e+06
3.122819297203944996e+06
3.242819297203944996e+06
3.362819297203944530e+06
