-3.614840615147000644e+06
-3.494840615147000644e+06
-3.374840615147000644e+06
-3.254840615147000644e+06
-3.134840615147000644e+06
-3.014840615147000644e+06
-2.894840615147000644e+06
-2.774840615147000644e+06
-2.654840615147000644e+06
-2.534840615147000644e+06
-2.414840615147000644e+06
-2.294840615147000644e+06
-2.174840615147000644e+06
-2.054840615147000644e+06
-1.934840615147000644e+06
-1.814840615147000644e+06
-1.694840615147000644e+06
-1.574840615147000644e+06
-1.454840615147000644e+06
-1.334840615147000644e+06
-1.214840615147000644e+06
-1.094840615147000644e+06
-9.748406151470006444e+05
-8.548406151470006444e+05
-7.348406151470006444e+05
-6.148406151470006444e+05
-4.948406151470006444e+05
-3.748406151470006444e+05
-2.548406151470006444e+05
-1.348406151470006444e+05
-1.484061514700064436e+04
1.051593848529993556e+05
2.251593848529993556e+05
