3.709924336891058192e+04 2.000000000000000000e+03
3.706756370821155724e+04 6.000000000000000000e+03
3.603090849911700207e+04 1.000000000000000000e+04
3.685627321494100033e+04 1.400000000000000000e+04
3.674795455849478458e+04 1.800000000000000000e+04
3.603065599958209350e+04 2.200000000000000000e+04
3.513638478465041408e+04 2.600000000000000000e+04
3.427431066374155489e+04 3.000000000000000000e+04
3.400048502414030372e+04 3.400000000000000000e+04
3.400000000000000000e+04 3.400096754000421060e+04
3.202203193536810068e+04 3.800000000000000000e+04
3.100001727070291963e+04 4.200000000000000000e+04
3.000000832427135174e+04 4.600000000000000000e+04
3.000000000000000000e+04 4.600002479550267162e+04
2.867046583789958459e+04 5.000000000000000000e+04
2.733830644176241549e+04 5.400000000000000000e+04
2.600000000000000000e+04 5.601710637491320085e+04
2.521255680336261139e+04 5.800000000000000000e+04
2.402665787373959029e+04 6.200000000000000000e+04
2.202566457701203763e+04 6.600000000000000000e+04
2.200000000000000000e+04 6.605220541005079576e+04
2.102395834779023062e+04 7.000000000000000000e+04
1.935868885130052877e+04 7.400000000000000000e+04
1.800000000000000000e+04 7.603006825000529352e+04
1.670018553230405087e+04 7.800000000000000000e+04
1.600333961381620611e+04 8.200000000000000000e+04
1.400000000000000000e+04 8.402859505558441742e+04
1.301882625864913643e+04 8.600000000000000000e+04
1.134479613614144910e+04 9.000000000000000000e+04
1.000000000000000000e+04 9.200641936509366496e+04
8.673091833704049350e+03 9.400000000000000000e+04
6.003005697692186914e+03 9.800000000000000000e+04
6.000000000000000000e+03 9.800600566018496465e+04
4.008232260545561985e+03 1.020000000000000000e+05
2.000000000000000000e+03 1.040254004974824347e+05
1.881141055022400451e+03 1.060000000000000000e+05
-1.982939134952699533e+03 1.100000000000000000e+05
-2.000000000000000000e+03 1.100339554555848445e+05
-2.124646873658856748e+03 1.140000000000000000e+05
-6.000000000000000000e+03 1.178762192072553444e+05
-6.116440564217291467e+03 1.180000000000000000e+05
-9.985908351354686602e+03 1.220000000000000000e+05
-1.000000000000000000e+04 1.220140859240534046e+05
-1.024153155160402639e+04 1.260000000000000000e+05
-1.400000000000000000e+04 1.298757033755273878e+05
-1.411715706403989134e+04 1.300000000000000000e+05
-1.800000000000000000e+04 1.338866924358456454e+05
-1.811287429197016536e+04 1.340000000000000000e+05
-1.846098467401725065e+04 1.380000000000000000e+05
-2.200000000000000000e+04 1.416283511229677242e+05
-2.234954728697265455e+04 1.420000000000000000e+05
-2.600000000000000000e+04 1.456589805181863776e+05
-2.633142123496665954e+04 1.460000000000000000e+05
-3.000000000000000000e+04 1.495933260706007713e+05
-3.040627625897996404e+04 1.500000000000000000e+05
-3.400000000000000000e+04 1.535906968592901540e+05
-3.440979487977818644e+04 1.540000000000000000e+05
-3.800000000000000000e+04 1.575838490825077461e+05
-3.841622094894370093e+04 1.580000000000000000e+05
-4.200000000000000000e+04 1.615750154967248964e+05
-4.243710756211790431e+04 1.620000000000000000e+05
-4.600000000000000000e+04 1.655491160664137860e+05
-4.646419890130757267e+04 1.660000000000000000e+05
-5.000000000000000000e+04 1.694712465929639002e+05
-5.054462370310646656e+04 1.700000000000000000e+05
-5.400000000000000000e+04 1.734352901449975325e+05
-5.800000000000000000e+04 1.736018188446142303e+05
-5.840932423585009383e+04 1.740000000000000000e+05
-6.200000000000000000e+04 1.775657955008590070e+05
-6.244677490299021156e+04 1.780000000000000000e+05
-6.600000000000000000e+04 1.814760603029935155e+05
-7.000000000000000000e+04 1.816079183460073837e+05
-7.040331173897082044e+04 1.820000000000000000e+05
-7.400000000000000000e+04 1.855677488283579878e+05
-7.444498642107544583e+04 1.860000000000000000e+05
-7.800000000000000000e+04 1.894684543484257301e+05
-8.200000000000000000e+04 1.895994335460709408e+05
-8.241205442907928955e+04 1.900000000000000000e+05
-8.600000000000000000e+04 1.934988627222969953e+05
-8.654591728847204649e+04 1.940000000000000000e+05
-9.000000000000000000e+04 1.973592865474986611e+05
-9.400000000000000000e+04 1.975020623915705073e+05
-9.454254946594011562e+04 1.980000000000000000e+05
-9.800000000000000000e+04 2.013609673896567547e+05
-1.020000000000000000e+05 2.014986024952681037e+05
-1.025463118304502132e+05 2.020000000000000000e+05
-1.060000000000000000e+05 2.053514536406147818e+05
-1.100000000000000000e+05 2.054872437347810483e+05
-1.105754828462014120e+05 2.060000000000000000e+05
-1.140000000000000000e+05 2.093157071640795621e+05
-1.180000000000000000e+05 2.094530442649030592e+05
-1.220000000000000000e+05 2.095003332614648389e+05
-1.225290931468266936e+05 2.100000000000000000e+05
-1.260000000000000000e+05 2.133618289814076852e+05
-1.300000000000000000e+05 2.134609641415972728e+05
-1.340000000000000000e+05 2.135614026879841695e+05
-1.380000000000000000e+05 2.173571027911484998e+05
-1.420000000000000000e+05 2.174535986930155777e+05
-1.460000000000000000e+05 2.174905711333882355e+05
-1.500000000000000000e+05 2.213036170836482779e+05
-1.540000000000000000e+05 2.213593239141476224e+05
-1.580000000000000000e+05 2.214540413509932405e+05
-1.620000000000000000e+05 2.214841842802642495e+05
-1.660000000000000000e+05 2.215663297137969348e+05
-1.700000000000000000e+05 2.253259358420862409e+05
-1.740000000000000000e+05 2.253539456828071561e+05
-1.780000000000000000e+05 2.254470542012440274e+05
-1.820000000000000000e+05 2.254561328092788754e+05
-1.860000000000000000e+05 2.254762692342653172e+05
-1.900000000000000000e+05 2.254841414740480541e+05
-1.940000000000000000e+05 2.255625230835270195e+05
-1.980000000000000000e+05 2.255672999827171152e+05
-2.020000000000000000e+05 2.255705422612393741e+05
-2.060000000000000000e+05 2.255725787977082364e+05
-2.100000000000000000e+05 2.255735592725098541e+05
-2.140000000000000000e+05 2.255735681466285896e+05
-2.180000000000000000e+05 2.255725915983062296e+05
-2.220000000000000000e+05 2.255707126829423942e+05
-2.260000000000000000e+05 2.255680051036132500e+05
-2.300000000000000000e+05 2.255644279466148582e+05
-2.340000000000000000e+05 2.255490186077606922e+05
-2.380000000000000000e+05 2.255434668147544435e+05
-2.420000000000000000e+05 2.254590587360414502e+05
-2.460000000000000000e+05 2.254373279136300844e+05
-2.500000000000000000e+05 2.254122534482883348e+05
-2.540000000000000000e+05 2.253098079163356451e+05
-2.580000000000000000e+05 2.216573192825853766e+05
-2.620000000000000000e+05 2.215472097607714531e+05
-2.660000000000000000e+05 2.215297774927610590e+05
-2.700000000000000000e+05 2.214133084220219171e+05
-2.740000000000000000e+05 2.213548914291659021e+05
-2.780000000000000000e+05 2.175508692064358911e+05
-2.820000000000000000e+05 2.175297161578468513e+05
-2.860000000000000000e+05 2.173952025389931223e+05
-2.900000000000000000e+05 2.136479539776537567e+05
-2.940000000000000000e+05 2.135169128029383137e+05
-2.980000000000000000e+05 2.133771198374600790e+05
-3.016007554975748062e+05 2.100000000000000000e+05
-3.020000000000000000e+05 2.096375464477331552e+05
-3.060000000000000000e+05 2.095008667009058408e+05
-3.096172852023539017e+05 2.060000000000000000e+05
-3.100000000000000000e+05 2.056413171443614119e+05
-3.140000000000000000e+05 2.055181935704116768e+05
-3.177427053720525000e+05 2.020000000000000000e+05
-3.180000000000000000e+05 2.017515218282950227e+05
-3.220000000000000000e+05 2.015055789788269612e+05
-3.257348245604994590e+05 1.980000000000000000e+05
-3.260000000000000000e+05 1.977515323359946487e+05
-3.300000000000000000e+05 1.975054400299425761e+05
-3.336200574083344545e+05 1.940000000000000000e+05
-3.340000000000000000e+05 1.936326900860005699e+05
-3.378683039352499763e+05 1.900000000000000000e+05
-3.380000000000000000e+05 1.898727558366536396e+05
-3.420000000000000000e+05 1.896167442556591122e+05
-3.457371583068586187e+05 1.860000000000000000e+05
-3.460000000000000000e+05 1.857459252621656633e+05
-3.498702714435338276e+05 1.820000000000000000e+05
-3.500000000000000000e+05 1.818744538555014296e+05
-3.540000000000000000e+05 1.815917963882834010e+05
-3.577165820159576833e+05 1.780000000000000000e+05
-3.580000000000000000e+05 1.777354954900006414e+05
-3.617410524772090721e+05 1.740000000000000000e+05
-3.620000000000000000e+05 1.737493331336951524e+05
-3.658699767775013461e+05 1.700000000000000000e+05
-3.660000000000000000e+05 1.698701145013290516e+05
-3.698745610881139291e+05 1.660000000000000000e+05
-3.700000000000000000e+05 1.658746697555423016e+05
-3.740000000000000000e+05 1.620222516717367398e+05
-3.740224104620714788e+05 1.620000000000000000e+05
-3.780000000000000000e+05 1.580436035443274304e+05
-3.780636951378996600e+05 1.580000000000000000e+05
-3.820000000000000000e+05 1.541005991831856081e+05
-3.821025995302185765e+05 1.540000000000000000e+05
-3.860000000000000000e+05 1.501829862341349653e+05
-3.861792849693909520e+05 1.500000000000000000e+05
-3.900000000000000000e+05 1.460209025095709367e+05
-3.900139417452672496e+05 1.460000000000000000e+05
-3.940000000000000000e+05 1.420086293659924122e+05
-3.940129974793437286e+05 1.420000000000000000e+05
-3.980000000000000000e+05 1.380052457516236173e+05
-3.980034946860062191e+05 1.380000000000000000e+05
-4.018635478464997723e+05 1.340000000000000000e+05
-4.020000000000000000e+05 1.338534599127077381e+05
-4.058523463661276619e+05 1.300000000000000000e+05
-4.060000000000000000e+05 1.280103652210452565e+05
-4.073450051711354172e+05 1.260000000000000000e+05
-4.100000000000000000e+05 1.220151837806401309e+05
-4.100101342559679179e+05 1.220000000000000000e+05
-4.138582212916713324e+05 1.180000000000000000e+05
-4.140000000000000000e+05 1.166741240504968737e+05
-4.160059305813083192e+05 1.140000000000000000e+05
-4.180000000000000000e+05 1.100104480042878131e+05
-4.180069760022267583e+05 1.100000000000000000e+05
-4.218466998067811946e+05 1.060000000000000000e+05
-4.220000000000000000e+05 1.040049632081937161e+05
-4.233357624388975673e+05 1.020000000000000000e+05
-4.258521518703452311e+05 9.800000000000000000e+04
-4.260000000000000000e+05 9.600216611959868169e+04
-4.273344245426268899e+05 9.400000000000000000e+04
-4.298463446526094340e+05 9.000000000000000000e+04
-4.300000000000000000e+05 8.800134592880685523e+04
-4.313339070299160085e+05 8.600000000000000000e+04
-4.324819935118276044e+05 8.200000000000000000e+04
-4.338905262741793995e+05 7.800000000000000000e+04
-4.340000000000000000e+05 7.689857087090067216e+04
-4.360000542118356680e+05 7.400000000000000000e+04
-4.380000000000000000e+05 7.000005531528475694e+04
-4.380000368750830530e+05 7.000000000000000000e+04
-4.390236402264055214e+05 6.600000000000000000e+04
-4.404202219235826051e+05 6.200000000000000000e+04
-4.410393807936543017e+05 5.800000000000000000e+04
-4.420000000000000000e+05 5.413097034082173923e+04
-4.420443870189099107e+05 5.400000000000000000e+04
-4.431227891362578375e+05 5.000000000000000000e+04
-4.441333708434575237e+05 4.600000000000000000e+04
-4.453703097884510644e+05 4.200000000000000000e+04
-4.458844065594942076e+05 3.800000000000000000e+04
-4.460000000000000000e+05 3.474293332345227100e+04
-4.462231550534327980e+05 3.400000000000000000e+04
-4.471418889123270637e+05 3.000000000000000000e+04
-4.480734981200783513e+05 2.600000000000000000e+04
-4.481844405355565832e+05 2.200000000000000000e+04
-4.490561799189158482e+05 1.800000000000000000e+04
-4.492701712735186447e+05 1.400000000000000000e+04
-4.492993985014985083e+05 1.000000000000000000e+04
-4.493156938206324121e+05 6.000000000000000000e+03
-4.494267476663347916e+05 2.000000000000000000e+03
