-3.164612619959976524e+06
-3.044612619959976524e+06
-2.924612619959976524e+06
-2.804612619959976524e+06
-2.684612619959976524e+06
-2.564612619959976524e+06
-2.444612619959976524e+06
-2.324612619959976524e+06
-2.204612619959976524e+06
-2.084612619959976524e+06
-1.964612619959976524e+06
-1.844612619959976524e+06
-1.724612619959976524e+06
-1.604612619959976524e+06
-1.484612619959976524e+06
-1.364612619959976524e+06
-1.244612619959976524e+06
-1.124612619959976524e+06
-1.004612619959976524e+06
-8.846126199599765241e+05
-7.646126199599765241e+05
-6.446126199599765241e+05
-5.246126199599765241e+05
-4.046126199599765241e+05
-2.846126199599765241e+05
-1.646126199599765241e+05
-4.461261995997652411e+04
7.538738004002347589e+04
1.953873800400234759e+05
3.153873800400234759e+05
4.353873800400234759e+05
5.553873800400234759e+05
6.753873800400234759e+05
7.953873800400234759e+05
9.153873800400234759e+05
1.035387380040023476e+06
1.155387380040023476e+06
