-6.912195993269239552e+05
-6.852195993269239552e+05
-6.792195993269239552e+05
-6.732195993269239552e+05
-6.672195993269239552e+05
-6.612195993269239552e+05
-6.552195993269239552e+05
-6.492195993269239552e+05
-6.432195993269239552e+05
-6.372195993269239552e+05
-6.312195993269239552e+05
-6.252195993269239552e+05
-6.192195993269239552e+05
-6.132195993269239552e+05
-6.072195993269239552e+05
-6.012195993269239552e+05
-5.952195993269239552e+05
-5.892195993269239552e+05
-5.832195993269239552e+05
-5.772195993269239552e+05
-5.712195993269239552e+05
-5.652195993269239552e+05
-5.592195993269239552e+05
-5.532195993269239552e+05
-5.472195993269239552e+05
-5.412195993269239552e+05
-5.352195993269239552e+05
-5.292195993269239552e+05
-5.232195993269239552e+05
-5.172195993269239552e+05
-5.112195993269239552e+05
-5.052195993269239552e+05
-4.992195993269239552e+05
-4.932195993269239552e+05
-4.872195993269239552e+05
-4.812195993269239552e+05
-4.752195993269239552e+05
-4.692195993269239552e+05
-4.632195993269239552e+05
-4.572195993269239552e+05
-4.512195993269239552e+05
-4.452195993269239552e+05
-4.392195993269239552e+05
-4.332195993269239552e+05
-4.272195993269239552e+05
-4.212195993269239552e+05
-4.152195993269239552e+05
-4.092195993269239552e+05
-4.032195993269239552e+05
-3.972195993269239552e+05
-3.912195993269239552e+05
-3.852195993269239552e+05
-3.792195993269239552e+05
-3.732195993269239552e+05
-3.672195993269239552e+05
-3.612195993269239552e+05
-3.552195993269239552e+05
-3.492195993269239552e+05
-3.432195993269239552e+05
-3.372195993269239552e+05
-3.312195993269239552e+05
-3.252195993269239552e+05
-3.192195993269239552e+05
-3.132195993269239552e+05
-3.072195993269239552e+05
-3.012195993269239552e+05
-2.952195993269239552e+05
-2.892195993269239552e+05
-2.832195993269239552e+05
-2.772195993269239552e+05
-2.712195993269239552e+05
-2.652195993269239552e+05
-2.592195993269239552e+05
-2.532195993269239552e+05
-2.472195993269239552e+05
-2.412195993269239552e+05
-2.352195993269239552e+05
-2.292195993269239552e+05
-2.232195993269239552e+05
-2.172195993269239552e+05
-2.112195993269239552e+05
-2.052195993269239552e+05
-1.992195993269239552e+05
-1.932195993269239552e+05
-1.872195993269239552e+05
-1.812195993269239552e+05
-1.752195993269239552e+05
-1.692195993269239552e+05
-1.632195993269239552e+05
-1.572195993269239552e+05
-1.512195993269239552e+05
-1.452195993269239552e+05
-1.392195993269239552e+05
-1.332195993269239552e+05
-1.272195993269239552e+05
-1.212195993269239552e+05
-1.152195993269239552e+05
-1.092195993269239552e+05
-1.032195993269239552e+05
-9.721959932692395523e+04
-9.121959932692395523e+04
-8.521959932692395523e+04
-7.921959932692395523e+04
-7.321959932692395523e+04
-6.721959932692395523e+04
-6.121959932692395523e+04
-5.521959932692395523e+04
-4.921959932692395523e+04
-4.321959932692395523e+04
-3.721959932692395523e+04
-3.121959932692395523e+04
-2.521959932692395523e+04
-1.921959932692395523e+04
-1.321959932692395523e+04
-7.219599326923955232e+03
-1.219599326923955232e+03
4.780400673076044768e+03
1.078040067307604477e+04
1.678040067307604477e+04
2.278040067307604477e+04
2.878040067307604477e+04
3.478040067307604477e+04
4.078040067307604477e+04
4.678040067307604477e+04
5.278040067307604477e+04
5.878040067307604477e+04
6.478040067307604477e+04
