3.193550161602647677e+03 1.000000000000000000e+02
3.189335360296661293e+03 3.000000000000000000e+02
3.168776065659660162e+03 5.000000000000000000e+02
3.100000000000000000e+03 5.761802534444825596e+02
2.978970759914890550e+03 7.000000000000000000e+02
2.968889632561034887e+03 9.000000000000000000e+02
2.900000000000000000e+03 9.767333882667373928e+02
2.777072839811236008e+03 1.100000000000000000e+03
2.761339997115862388e+03 1.300000000000000000e+03
2.737885679902145966e+03 1.500000000000000000e+03
2.734120155899880501e+03 1.700000000000000000e+03
2.718947420167341534e+03 1.900000000000000000e+03
2.700813050827764073e+03 2.100000000000000000e+03
2.700000000000000000e+03 2.104092570714182330e+03
2.607123354043437303e+03 2.300000000000000000e+03
2.603268068935414703e+03 2.500000000000000000e+03
2.544835040157673120e+03 2.700000000000000000e+03
2.503874159706148930e+03 2.900000000000000000e+03
2.500956357300538457e+03 3.100000000000000000e+03
2.500000000000000000e+03 3.104873052704989732e+03
2.415958578145988213e+03 3.300000000000000000e+03
2.326399942595320681e+03 3.500000000000000000e+03
2.308647913950375823e+03 3.700000000000000000e+03
2.300739661889995659e+03 3.900000000000000000e+03
2.300000000000000000e+03 3.903076260113222361e+03
2.205575309986428238e+03 4.100000000000000000e+03
2.150672865315213585e+03 4.300000000000000000e+03
2.111082840071646388e+03 4.500000000000000000e+03
2.100000000000000000e+03 4.537111933246142144e+03
2.008755891769321579e+03 4.700000000000000000e+03
1.950969617471683478e+03 4.900000000000000000e+03
1.900074765535138340e+03 5.100000000000000000e+03
1.900000000000000000e+03 5.100125359582483725e+03
1.754914600779130524e+03 5.300000000000000000e+03
1.700000000000000000e+03 5.373684668313633665e+03
1.603366947552361125e+03 5.500000000000000000e+03
1.542361214983751779e+03 5.700000000000000000e+03
1.500000000000000000e+03 5.770489289462175293e+03
1.403532326448967979e+03 5.900000000000000000e+03
1.300000000000000000e+03 6.036529675602927455e+03
1.251687485896532280e+03 6.100000000000000000e+03
1.169113651455159925e+03 6.300000000000000000e+03
1.100000000000000000e+03 6.380934026576001088e+03
1.000904102622240657e+03 6.500000000000000000e+03
9.000000000000000000e+02 6.621857419981989551e+03
8.361930589895465573e+02 6.700000000000000000e+03
8.156351936819144157e+02 6.900000000000000000e+03
7.000000000000000000e+02 7.021162389316679764e+03
6.212553985346630725e+02 7.100000000000000000e+03
5.000000000000000000e+02 7.217999147333442124e+03
3.552821987291031860e+02 7.300000000000000000e+03
3.000000000000000000e+02 7.371598946572186833e+03
1.702483197465048761e+02 7.500000000000000000e+03
1.000000000000000000e+02 7.605291065886885008e+03
1.035596294519939420e+01 7.700000000000000000e+03
-5.645792455415687527e+01 7.900000000000000000e+03
-1.000000000000000000e+02 7.967982348233922494e+03
-1.974954229563799686e+02 8.100000000000000000e+03
-2.470163369277654226e+02 8.300000000000000000e+03
-3.000000000000000000e+02 8.358306416529358103e+03
-4.347812663015047292e+02 8.500000000000000000e+03
-5.000000000000000000e+02 8.554174582536628805e+03
-6.540873528666000993e+02 8.700000000000000000e+03
-7.000000000000000000e+02 8.751926430781271847e+03
-9.000000000000000000e+02 8.840758835959508360e+03
-9.625426343998700531e+02 8.900000000000000000e+03
-1.100000000000000000e+03 9.035361874295893358e+03
-1.199906106904860508e+03 9.100000000000000000e+03
-1.300000000000000000e+03 9.167284077366359270e+03
-1.500000000000000000e+03 9.252850315489436980e+03
-1.548906957772206852e+03 9.300000000000000000e+03
-1.700000000000000000e+03 9.450427667773639769e+03
-1.799132729046145869e+03 9.500000000000000000e+03
-1.900000000000000000e+03 9.600854319112506346e+03
-2.092440263675375263e+03 9.700000000000000000e+03
-2.100000000000000000e+03 9.707523586447783600e+03
-2.296794875690738991e+03 9.900000000000000000e+03
-2.300000000000000000e+03 9.901674444068366938e+03
-2.500000000000000000e+03 1.000405845118298021e+04
-2.596950104852313416e+03 1.010000000000000000e+04
-2.700000000000000000e+03 1.020180880682220777e+04
-2.892990387501804435e+03 1.030000000000000000e+04
-2.900000000000000000e+03 1.030685004632470554e+04
-3.097336318907712666e+03 1.050000000000000000e+04
-3.100000000000000000e+03 1.050135115551990930e+04
-3.300000000000000000e+03 1.063431191116389709e+04
-3.398875886335600171e+03 1.070000000000000000e+04
-3.500000000000000000e+03 1.076814098266337351e+04
-3.699793363015846353e+03 1.090000000000000000e+04
-3.700000000000000000e+03 1.090020235279837470e+04
-3.900000000000000000e+03 1.100110279740690021e+04
-4.098922337121409328e+03 1.110000000000000000e+04
-4.100000000000000000e+03 1.110054337742073039e+04
-4.300000000000000000e+03 1.123389211801627789e+04
-4.498522890492772603e+03 1.130000000000000000e+04
-4.500000000000000000e+03 1.130075671170676651e+04
-4.700000000000000000e+03 1.143382158026428260e+04
-4.898850460857697726e+03 1.150000000000000000e+04
-4.900000000000000000e+03 1.150058002645730448e+04
-5.100000000000000000e+03 1.160085306788890375e+04
-5.298380756030126577e+03 1.170000000000000000e+04
-5.300000000000000000e+03 1.170082849810556763e+04
-5.500000000000000000e+03 1.180051048807818006e+04
-5.699365913093422932e+03 1.190000000000000000e+04
-5.700000000000000000e+03 1.190031563685358742e+04
-5.900000000000000000e+03 1.191518974134758355e+04
-6.100000000000000000e+03 1.196330042235503242e+04
-6.300000000000000000e+03 1.202903507502785396e+04
-6.472117862102699291e+03 1.210000000000000000e+04
-6.500000000000000000e+03 1.211157521012286452e+04
-6.700000000000000000e+03 1.215676832642215959e+04
-6.900000000000000000e+03 1.222857119942105601e+04
-7.067092464155080052e+03 1.230000000000000000e+04
-7.100000000000000000e+03 1.231387661185876095e+04
-7.300000000000000000e+03 1.235782074045820991e+04
-7.500000000000000000e+03 1.242995435056310453e+04
-7.664205654817977120e+03 1.250000000000000000e+04
-7.700000000000000000e+03 1.251465484412123078e+04
-7.900000000000000000e+03 1.255519610492604625e+04
-8.100000000000000000e+03 1.259717408847087790e+04
-8.300000000000000000e+03 1.270697244242700253e+04
-8.500000000000000000e+03 1.274092842458447558e+04
-8.700000000000000000e+03 1.277184786262414673e+04
-8.900000000000000000e+03 1.281955552882059783e+04
-9.100000000000000000e+03 1.283641172728536731e+04
-9.300000000000000000e+03 1.291125398933803990e+04
-9.500000000000000000e+03 1.292263821040383300e+04
-9.700000000000000000e+03 1.294937028163355717e+04
-9.900000000000000000e+03 1.296782271104401116e+04
-1.010000000000000000e+04 1.301805065830624699e+04
-1.030000000000000000e+04 1.302531824083311767e+04
-1.050000000000000000e+04 1.303143565291975392e+04
-1.070000000000000000e+04 1.310214861768255651e+04
-1.090000000000000000e+04 1.310454682354684883e+04
-1.110000000000000000e+04 1.310555715887365477e+04
-1.130000000000000000e+04 1.310426260806442406e+04
-1.150000000000000000e+04 1.310176583155943263e+04
-1.170000000000000000e+04 1.310001038614877871e+04
-1.190000000000000000e+04 1.302667560557942852e+04
-1.210000000000000000e+04 1.302130360187662700e+04
-1.230000000000000000e+04 1.301512162308946426e+04
-1.250000000000000000e+04 1.300800306701579029e+04
-1.270000000000000000e+04 1.300332293281643797e+04
-1.290000000000000000e+04 1.293888581750963385e+04
-1.310000000000000000e+04 1.291663639263961159e+04
-1.330000000000000000e+04 1.290597918134381507e+04
-1.350000000000000000e+04 1.290015090552394395e+04
-1.370000000000000000e+04 1.282046750636955949e+04
-1.390000000000000000e+04 1.281064507454549494e+04
-1.410000000000000000e+04 1.274212420317550277e+04
-1.430000000000000000e+04 1.272633478135036239e+04
-1.450000000000000000e+04 1.270256698745745052e+04
-1.470000000000000000e+04 1.270001707908232675e+04
-1.490000000000000000e+04 1.261442985174209389e+04
-1.510000000000000000e+04 1.260658564969628060e+04
-1.530000000000000000e+04 1.253952323279477241e+04
-1.550000000000000000e+04 1.253182315670339631e+04
-1.570000000000000000e+04 1.250652257137153720e+04
-1.571664348396525929e+04 1.250000000000000000e+04
-1.590000000000000000e+04 1.236266160129726995e+04
-1.596180770213474170e+04 1.230000000000000000e+04
-1.610000000000000000e+04 1.215234622072314232e+04
-1.630000000000000000e+04 1.214007380986676435e+04
-1.633347040171891967e+04 1.210000000000000000e+04
-1.650000000000000000e+04 1.201533124066290475e+04
-1.670000000000000000e+04 1.192841576018396881e+04
-1.690000000000000000e+04 1.190151730306086029e+04
-1.690134147281708283e+04 1.190000000000000000e+04
-1.710000000000000000e+04 1.183994788804938253e+04
-1.730000000000000000e+04 1.180719318523480251e+04
-1.750000000000000000e+04 1.177105498655338852e+04
-1.770000000000000000e+04 1.170006283705139685e+04
-1.770012195131403496e+04 1.170000000000000000e+04
-1.790000000000000000e+04 1.160966968807959347e+04
-1.810000000000000000e+04 1.157076111780597785e+04
-1.830000000000000000e+04 1.150508395248577108e+04
-1.850000000000000000e+04 1.150014960639709716e+04
-1.850045015565668655e+04 1.150000000000000000e+04
-1.870000000000000000e+04 1.134613784631383714e+04
-1.890000000000000000e+04 1.131068665286198484e+04
-1.892405113392479689e+04 1.130000000000000000e+04
-1.896797411638586709e+04 1.110000000000000000e+04
-1.895538324415224997e+04 1.090000000000000000e+04
-1.910000000000000000e+04 1.072862847495322421e+04
-1.930000000000000000e+04 1.070167590905662837e+04
-1.930145504536824956e+04 1.070000000000000000e+04
-1.950000000000000000e+04 1.063425701493122688e+04
-1.970000000000000000e+04 1.056874660583410696e+04
-1.980147423726578927e+04 1.050000000000000000e+04
-1.990000000000000000e+04 1.043571921557704991e+04
-2.010000000000000000e+04 1.037613475393463887e+04
-2.030000000000000000e+04 1.030391624944221439e+04
-2.031151634295090116e+04 1.030000000000000000e+04
-2.050000000000000000e+04 1.020371143787802430e+04
-2.070000000000000000e+04 1.010983309295869003e+04
-2.073571419791093285e+04 1.010000000000000000e+04
-2.090000000000000000e+04 9.954083232798389872e+03
-2.097577313372878416e+04 9.900000000000000000e+03
-2.110000000000000000e+04 9.756491057259974696e+03
-2.115448449355022603e+04 9.700000000000000000e+03
-2.113222865952608481e+04 9.500000000000000000e+03
-2.130000000000000000e+04 9.305321510293011670e+03
-2.130413551695480055e+04 9.300000000000000000e+03
-2.150000000000000000e+04 9.105780496501825837e+03
-2.150578012231381945e+04 9.100000000000000000e+03
-2.170000000000000000e+04 9.037749862360464249e+03
-2.190000000000000000e+04 8.911259672210979261e+03
-2.190807938827326871e+04 8.900000000000000000e+03
-2.203540072999682889e+04 8.700000000000000000e+03
-2.210000000000000000e+04 8.602253238755154598e+03
-2.217099223685610923e+04 8.500000000000000000e+03
-2.230000000000000000e+04 8.370262941749750098e+03
-2.250000000000000000e+04 8.309029575406655567e+03
-2.270000000000000000e+04 8.300563211830816726e+03
-2.270054614376958853e+04 8.300000000000000000e+03
-2.290000000000000000e+04 8.111996489584543269e+03
-2.291180450765262140e+04 8.100000000000000000e+03
-2.295634621599693492e+04 7.900000000000000000e+03
-2.310000000000000000e+04 7.729225478413570272e+03
-2.311090135978357284e+04 7.700000000000000000e+03
-2.330000000000000000e+04 7.501254726695055979e+03
-2.330125736914487425e+04 7.500000000000000000e+03
-2.337264353928783748e+04 7.300000000000000000e+03
-2.350000000000000000e+04 7.103133064734068284e+03
-2.350225506026874427e+04 7.100000000000000000e+03
-2.357693324119197132e+04 6.900000000000000000e+03
-2.370000000000000000e+04 6.766855511543307330e+03
-2.376692947325916975e+04 6.700000000000000000e+03
-2.377312164656571258e+04 6.500000000000000000e+03
-2.390000000000000000e+04 6.366814122355930522e+03
-2.396680920722298106e+04 6.300000000000000000e+03
-2.400820691657129646e+04 6.100000000000000000e+03
-2.410000000000000000e+04 6.000384587753824235e+03
-2.417254891729693190e+04 5.900000000000000000e+03
-2.420653591020933163e+04 5.700000000000000000e+03
-2.430000000000000000e+04 5.601339672149395483e+03
-2.437325307608368530e+04 5.500000000000000000e+03
-2.440656866923604321e+04 5.300000000000000000e+03
-2.450000000000000000e+04 5.102194847584041781e+03
-2.450122285682745132e+04 5.100000000000000000e+03
-2.460110031575450193e+04 4.900000000000000000e+03
-2.461960935669142782e+04 4.700000000000000000e+03
-2.470000000000000000e+04 4.606806100638942553e+03
-2.477626301199546288e+04 4.500000000000000000e+03
-2.480747586925612995e+04 4.300000000000000000e+03
-2.483967911299110347e+04 4.100000000000000000e+03
-2.490000000000000000e+04 3.900567413254026633e+03
-2.490031959543363701e+04 3.900000000000000000e+03
-2.500427789120651505e+04 3.700000000000000000e+03
-2.500719006031623940e+04 3.500000000000000000e+03
-2.504015533317738664e+04 3.300000000000000000e+03
-2.510000000000000000e+04 3.101440708988134247e+03
-2.510138336007919861e+04 3.100000000000000000e+03
-2.512640664475521044e+04 2.900000000000000000e+03
-2.521239606112305410e+04 2.700000000000000000e+03
-2.522226803780107730e+04 2.500000000000000000e+03
-2.530000000000000000e+04 2.302235289653607651e+03
-2.530166283586375721e+04 2.300000000000000000e+03
-2.534368253458193431e+04 2.100000000000000000e+03
-2.535963933675413864e+04 1.900000000000000000e+03
-2.542700721004607112e+04 1.700000000000000000e+03
-2.550000000000000000e+04 1.509056819774776841e+03
-2.550840252284909366e+04 1.500000000000000000e+03
-2.554024356941767837e+04 1.300000000000000000e+03
-2.556098749390817102e+04 1.100000000000000000e+03
-2.555844700978926630e+04 9.000000000000000000e+02
-2.556328916039318574e+04 7.000000000000000000e+02
-2.570000000000000000e+04 5.165284883674999037e+02
-2.571981532357290780e+04 5.000000000000000000e+02
-2.590000000000000000e+04 3.651832484794106222e+02
-2.610000000000000000e+04 3.363840270651812148e+02
-2.613052798927345793e+04 3.000000000000000000e+02
-2.615544958049285196e+04 1.000000000000000000e+02
