-2.661080589094253257e+06
-2.646080589094253257e+06
-2.631080589094253257e+06
-2.616080589094253257e+06
-2.601080589094253257e+06
-2.586080589094253257e+06
-2.571080589094253257e+06
-2.556080589094253257e+06
-2.541080589094253257e+06
-2.526080589094253257e+06
-2.511080589094253257e+06
-2.496080589094253257e+06
-2.481080589094253257e+06
-2.466080589094253257e+06
-2.451080589094253257e+06
-2.436080589094253257e+06
-2.421080589094253257e+06
-2.406080589094253257e+06
-2.391080589094253257e+06
-2.376080589094253257e+06
-2.361080589094253257e+06
-2.346080589094253257e+06
-2.331080589094253257e+06
-2.316080589094253257e+06
-2.301080589094253257e+06
-2.286080589094253257e+06
-2.271080589094253257e+06
-2.256080589094253257e+06
-2.241080589094253257e+06
-2.226080589094253257e+06
-2.211080589094253257e+06
-2.196080589094253257e+06
-2.181080589094253257e+06
-2.166080589094253257e+06
-2.151080589094253257e+06
-2.136080589094253257e+06
-2.121080589094253257e+06
-2.106080589094253257e+06
-2.091080589094253257e+06
-2.076080589094253257e+06
-2.061080589094253257e+06
-2.046080589094253257e+06
-2.031080589094253257e+06
-2.016080589094253257e+06
-2.001080589094253257e+06
-1.986080589094253257e+06
-1.971080589094253257e+06
-1.956080589094253257e+06
-1.941080589094253257e+06
-1.926080589094253257e+06
-1.911080589094253257e+06
-1.896080589094253257e+06
-1.881080589094253257e+06
-1.866080589094253257e+06
-1.851080589094253257e+06
-1.836080589094253257e+06
-1.821080589094253257e+06
-1.806080589094253257e+06
-1.791080589094253257e+06
-1.776080589094253257e+06
-1.761080589094253257e+06
-1.746080589094253257e+06
-1.731080589094253257e+06
-1.716080589094253257e+06
-1.701080589094253257e+06
-1.686080589094253257e+06
-1.671080589094253257e+06
-1.656080589094253257e+06
-1.641080589094253257e+06
-1.626080589094253257e+06
-1.611080589094253257e+06
-1.596080589094253257e+06
-1.581080589094253257e+06
-1.566080589094253257e+06
-1.551080589094253257e+06
-1.536080589094253257e+06
-1.521080589094253257e+06
-1.506080589094253257e+06
-1.491080589094253257e+06
-1.476080589094253257e+06
-1.461080589094253257e+06
-1.446080589094253257e+06
-1.431080589094253257e+06
-1.416080589094253257e+06
-1.401080589094253257e+06
-1.386080589094253257e+06
-1.371080589094253257e+06
-1.356080589094253257e+06
-1.341080589094253257e+06
-1.326080589094253257e+06
-1.311080589094253257e+06
-1.296080589094253257e+06
-1.281080589094253257e+06
-1.266080589094253257e+06
-1.251080589094253257e+06
-1.236080589094253257e+06
-1.221080589094253257e+06
-1.206080589094253257e+06
-1.191080589094253257e+06
-1.176080589094253257e+06
-1.161080589094253257e+06
-1.146080589094253257e+06
-1.131080589094253257e+06
-1.116080589094253257e+06
-1.101080589094253257e+06
-1.086080589094253257e+06
-1.071080589094253257e+06
-1.056080589094253257e+06
-1.041080589094253257e+06
-1.026080589094253257e+06
-1.011080589094253257e+06
-9.960805890942532569e+05
-9.810805890942532569e+05
-9.660805890942532569e+05
-9.510805890942532569e+05
-9.360805890942532569e+05
-9.210805890942532569e+05
-9.060805890942532569e+05
-8.910805890942532569e+05
-8.760805890942532569e+05
-8.610805890942532569e+05
-8.460805890942532569e+05
-8.310805890942532569e+05
-8.160805890942532569e+05
-8.010805890942532569e+05
-7.860805890942532569e+05
-7.710805890942532569e+05
-7.560805890942532569e+05
-7.410805890942532569e+05
-7.260805890942532569e+05
-7.110805890942532569e+05
-6.960805890942532569e+05
-6.810805890942532569e+05
-6.660805890942532569e+05
-6.510805890942532569e+05
-6.360805890942532569e+05
-6.210805890942532569e+05
-6.060805890942532569e+05
-5.910805890942532569e+05
-5.760805890942532569e+05
-5.610805890942532569e+05
-5.460805890942532569e+05
-5.310805890942532569e+05
-5.160805890942532569e+05
-5.010805890942532569e+05
-4.860805890942532569e+05
-4.710805890942532569e+05
-4.560805890942532569e+05
-4.410805890942532569e+05
-4.260805890942532569e+05
-4.110805890942532569e+05
-3.960805890942532569e+05
-3.810805890942532569e+05
-3.660805890942532569e+05
-3.510805890942532569e+05
-3.360805890942532569e+05
-3.210805890942532569e+05
-3.060805890942532569e+05
-2.910805890942532569e+05
-2.760805890942532569e+05
-2.610805890942532569e+05
-2.460805890942532569e+05
-2.310805890942532569e+05
-2.160805890942532569e+05
-2.010805890942532569e+05
-1.860805890942532569e+05
-1.710805890942532569e+05
-1.560805890942532569e+05
-1.410805890942532569e+05
-1.260805890942532569e+05
-1.110805890942532569e+05
-9.608058909425325692e+04
-8.108058909425325692e+04
-6.608058909425325692e+04
-5.108058909425325692e+04
-3.608058909425325692e+04
-2.108058909425325692e+04
-6.080589094253256917e+03
8.919410905746743083e+03
2.391941090574674308e+04
3.891941090574674308e+04
5.391941090574674308e+04
6.891941090574674308e+04
8.391941090574674308e+04
9.891941090574674308e+04
1.139194109057467431e+05
1.289194109057467431e+05
1.439194109057467431e+05
1.589194109057467431e+05
1.739194109057467431e+05
1.889194109057467431e+05
2.039194109057467431e+05
2.189194109057467431e+05
2.339194109057467431e+05
2.489194109057467431e+05
2.639194109057467431e+05
2.789194109057467431e+05
2.939194109057467431e+05
3.089194109057467431e+05
3.239194109057467431e+05
3.389194109057467431e+05
3.539194109057467431e+05
3.689194109057467431e+05
3.839194109057467431e+05
3.989194109057467431e+05
4.139194109057467431e+05
4.289194109057467431e+05
4.439194109057467431e+05
4.589194109057467431e+05
4.739194109057467431e+05
4.889194109057467431e+05
5.039194109057467431e+05
5.189194109057467431e+05
5.339194109057467431e+05
5.489194109057467431e+05
5.639194109057467431e+05
5.789194109057467431e+05
5.939194109057467431e+05
6.089194109057467431e+05
6.239194109057467431e+05
6.389194109057467431e+05
6.539194109057467431e+05
6.689194109057467431e+05
6.839194109057467431e+05
6.989194109057467431e+05
7.139194109057467431e+05
7.289194109057467431e+05
7.439194109057467431e+05
7.589194109057467431e+05
7.739194109057467431e+05
7.889194109057467431e+05
8.039194109057467431e+05
8.189194109057467431e+05
8.339194109057467431e+05
8.489194109057467431e+05
8.639194109057467431e+05
8.789194109057467431e+05
8.939194109057467431e+05
9.089194109057467431e+05
9.239194109057467431e+05
9.389194109057467431e+05
9.539194109057467431e+05
9.689194109057467431e+05
9.839194109057467431e+05
9.989194109057467431e+05
1.013919410905746743e+06
1.028919410905746743e+06
1.043919410905746743e+06
1.058919410905746743e+06
1.073919410905746743e+06
1.088919410905746743e+06
1.103919410905746743e+06
1.118919410905746743e+06
1.133919410905746743e+06
1.148919410905746743e+06
1.163919410905746743e+06
1.178919410905746743e+06
1.193919410905746743e+06
1.208919410905746743e+06
1.223919410905746743e+06
1.238919410905746743e+06
1.253919410905746743e+06
1.268919410905746743e+06
1.283919410905746743e+06
1.298919410905746743e+06
1.313919410905746743e+06
1.328919410905746743e+06
1.343919410905746743e+06
1.358919410905746743e+06
1.373919410905746743e+06
1.388919410905746743e+06
1.403919410905746743e+06
1.418919410905746743e+06
1.433919410905746743e+06
1.448919410905746743e+06
1.463919410905746743e+06
1.478919410905746743e+06
1.493919410905746743e+06
1.508919410905746743e+06
1.523919410905746743e+06
1.538919410905746743e+06
1.553919410905746743e+06
1.568919410905746743e+06
1.583919410905746743e+06
1.598919410905746743e+06
1.613919410905746743e+06
1.628919410905746743e+06
1.643919410905746743e+06
1.658919410905746743e+06
1.673919410905746743e+06
1.688919410905746743e+06
1.703919410905746743e+06
1.718919410905746743e+06
1.733919410905746743e+06
1.748919410905746743e+06
1.763919410905746743e+06
1.778919410905746743e+06
1.793919410905746743e+06
1.808919410905746743e+06
1.823919410905746743e+06
1.838919410905746743e+06
1.853919410905746743e+06
1.868919410905746743e+06
1.883919410905746743e+06
1.898919410905746743e+06
1.913919410905746743e+06
1.928919410905746743e+06
1.943919410905746743e+06
1.958919410905746743e+06
1.973919410905746743e+06
1.988919410905746743e+06
2.003919410905746743e+06
2.018919410905746743e+06
2.033919410905746743e+06
2.048919410905746743e+06
2.063919410905746743e+06
2.078919410905746743e+06
2.093919410905746743e+06
2.108919410905746743e+06
2.123919410905746743e+06
2.138919410905746743e+06
2.153919410905746743e+06
2.168919410905746743e+06
2.183919410905746743e+06
2.198919410905746743e+06
2.213919410905746743e+06
2.228919410905746743e+06
2.243919410905746743e+06
2.258919410905746743e+06
2.273919410905746743e+06
2.288919410905746743e+06
2.303919410905746743e+06
2.318919410905746743e+06
2.333919410905746743e+06
2.348919410905746743e+06
2.363919410905746743e+06
2.378919410905746743e+06
2.393919410905746743e+06
2.408919410905746743e+06
2.423919410905746743e+06
2.438919410905746743e+06
2.453919410905746743e+06
2.468919410905746743e+06
2.483919410905746743e+06
2.498919410905746743e+06
2.513919410905746743e+06
2.528919410905746743e+06
2.543919410905746743e+06
2.558919410905746743e+06
2.573919410905746743e+06
2.588919410905746743e+06
2.603919410905746743e+06
2.618919410905746743e+06
2.633919410905746743e+06
2.648919410905746743e+06
2.663919410905746743e+06
