3.442220674501066242e+04 2.500000000000000000e+02
3.441599522746621369e+04 7.500000000000000000e+02
3.441581163911843760e+04 1.250000000000000000e+03
3.440439813272111496e+04 1.750000000000000000e+03
3.439096101340645691e+04 2.250000000000000000e+03
3.437239153465377603e+04 2.750000000000000000e+03
3.435243974757001706e+04 3.250000000000000000e+03
3.432911127577256411e+04 3.750000000000000000e+03
3.430340471144786716e+04 4.250000000000000000e+03
3.428129256542834628e+04 4.750000000000000000e+03
3.426605969638358511e+04 5.250000000000000000e+03
3.425000000000000000e+04 5.287909697416363088e+03
3.411788065320642636e+04 5.750000000000000000e+03
3.409712699030695512e+04 6.250000000000000000e+03
3.407651406890693033e+04 6.750000000000000000e+03
3.405136861689182115e+04 7.250000000000000000e+03
3.392771623050692870e+04 7.750000000000000000e+03
3.386689156494099007e+04 8.250000000000000000e+03
3.382017085405599209e+04 8.750000000000000000e+03
3.379606474355372484e+04 9.250000000000000000e+03
3.376004277637880296e+04 9.750000000000000000e+03
3.375001083476405620e+04 1.025000000000000000e+04
3.375000000000000000e+04 1.025002357237575598e+04
3.339690298689908377e+04 1.075000000000000000e+04
3.333307674716779729e+04 1.125000000000000000e+04
3.328555146144212631e+04 1.175000000000000000e+04
3.325051133769794251e+04 1.225000000000000000e+04
3.325000000000000000e+04 1.225114495180621998e+04
3.303330956283590785e+04 1.275000000000000000e+04
3.285768853028560989e+04 1.325000000000000000e+04
3.279970606716545444e+04 1.375000000000000000e+04
3.275114110824150339e+04 1.425000000000000000e+04
3.275000000000000000e+04 1.425267163550501755e+04
3.254271205057314728e+04 1.475000000000000000e+04
3.236497249791382637e+04 1.525000000000000000e+04
3.231627189770364203e+04 1.575000000000000000e+04
3.225300748355972610e+04 1.625000000000000000e+04
3.225000000000000000e+04 1.625420381929287214e+04
3.204276893901434960e+04 1.675000000000000000e+04
3.186171670574207383e+04 1.725000000000000000e+04
3.179229400032741614e+04 1.775000000000000000e+04
3.175073825588258478e+04 1.825000000000000000e+04
3.175000000000000000e+04 1.825157662586820516e+04
3.151701439807813586e+04 1.875000000000000000e+04
3.129710036560014487e+04 1.925000000000000000e+04
3.125081263860670151e+04 1.975000000000000000e+04
3.125000000000000000e+04 1.975159164345285171e+04
3.100331741173588671e+04 2.025000000000000000e+04
3.075543293877489850e+04 2.075000000000000000e+04
3.075000000000000000e+04 2.076129787287383442e+04
3.052401533809355533e+04 2.125000000000000000e+04
3.030214290960550352e+04 2.175000000000000000e+04
3.025142293609284025e+04 2.225000000000000000e+04
3.025000000000000000e+04 2.225278453125142914e+04
3.000789556538678153e+04 2.275000000000000000e+04
2.976293835509687415e+04 2.325000000000000000e+04
2.975000000000000000e+04 2.326511713000426244e+04
2.952195100493405698e+04 2.375000000000000000e+04
2.928449692409324052e+04 2.425000000000000000e+04
2.925034121178045098e+04 2.475000000000000000e+04
2.925000000000000000e+04 2.475068055167096827e+04
2.880564297786004681e+04 2.525000000000000000e+04
2.875136765670706882e+04 2.575000000000000000e+04
2.875000000000000000e+04 2.575271431546456006e+04
2.829834233386289270e+04 2.625000000000000000e+04
2.825054512671253906e+04 2.675000000000000000e+04
2.825000000000000000e+04 2.675107948565973857e+04
2.778026606729261039e+04 2.725000000000000000e+04
2.775000000000000000e+04 2.728323047001023588e+04
2.751516299576302481e+04 2.775000000000000000e+04
2.726271157812580350e+04 2.825000000000000000e+04
2.725000000000000000e+04 2.826344679685371739e+04
2.681207975286290821e+04 2.875000000000000000e+04
2.675031529437924110e+04 2.925000000000000000e+04
2.675000000000000000e+04 2.925061294128305235e+04
2.627476990000719888e+04 2.975000000000000000e+04
2.625000000000000000e+04 2.977621572131811627e+04
2.581492182640074316e+04 3.025000000000000000e+04
2.575000000000000000e+04 3.032155628154173974e+04
2.552569235794321139e+04 3.075000000000000000e+04
2.526785257429947160e+04 3.125000000000000000e+04
2.525000000000000000e+04 3.126854267225795775e+04
2.480013971107991165e+04 3.175000000000000000e+04
2.475000000000000000e+04 3.180425417982096405e+04
2.432440019233059866e+04 3.225000000000000000e+04
2.425000000000000000e+04 3.232663134512095348e+04
2.402297840739326784e+04 3.275000000000000000e+04
2.375520519269573924e+04 3.325000000000000000e+04
2.375000000000000000e+04 3.325956622997154773e+04
2.327885308879624063e+04 3.375000000000000000e+04
2.325000000000000000e+04 3.377994196142894361e+04
2.279500809488480809e+04 3.425000000000000000e+04
2.275000000000000000e+04 3.429672528040462930e+04
2.230401119025054868e+04 3.475000000000000000e+04
2.225000000000000000e+04 3.480490699596723425e+04
2.181310902149648973e+04 3.525000000000000000e+04
2.175000000000000000e+04 3.531753529163041094e+04
2.152731503081081974e+04 3.575000000000000000e+04
2.127663313863448639e+04 3.625000000000000000e+04
2.125000000000000000e+04 3.628420271854670136e+04
2.092241576829273981e+04 3.675000000000000000e+04
2.075000000000000000e+04 3.692935255239877733e+04
2.025328143989381351e+04 3.725000000000000000e+04
2.025000000000000000e+04 3.725133497979658569e+04
1.975000000000000000e+04 3.728195865279764985e+04
1.925000000000000000e+04 3.748105746384333179e+04
1.908000117997892085e+04 3.775000000000000000e+04
1.900704823230233160e+04 3.825000000000000000e+04
1.877483826617342129e+04 3.875000000000000000e+04
1.875149726307435776e+04 3.925000000000000000e+04
1.875000000000000000e+04 3.925333749494749645e+04
1.831598570916963217e+04 3.975000000000000000e+04
1.825000000000000000e+04 3.980888090470492898e+04
1.775000000000000000e+04 3.982524797813888290e+04
1.730555475031514652e+04 4.025000000000000000e+04
1.725000000000000000e+04 4.030133880425491952e+04
1.677680700605319726e+04 4.075000000000000000e+04
1.675000000000000000e+04 4.077602569355774176e+04
1.625000000000000000e+04 4.102542309051193297e+04
1.580519237631522083e+04 4.125000000000000000e+04
1.575000000000000000e+04 4.130173296326467243e+04
1.528373863032342342e+04 4.175000000000000000e+04
1.525000000000000000e+04 4.178208016241827863e+04
1.476263627937091769e+04 4.225000000000000000e+04
1.475000000000000000e+04 4.226188905739896290e+04
1.425000000000000000e+04 4.251568081679191528e+04
1.375488296197941963e+04 4.275000000000000000e+04
1.375000000000000000e+04 4.275518551453241525e+04
1.329742905247700764e+04 4.325000000000000000e+04
1.325000000000000000e+04 4.331080860292704165e+04
1.284937307208956918e+04 4.375000000000000000e+04
1.275000000000000000e+04 4.384410739481529163e+04
1.235939186994481497e+04 4.425000000000000000e+04
1.225000000000000000e+04 4.433235291542483901e+04
1.178755930300852560e+04 4.475000000000000000e+04
1.175000000000000000e+04 4.476983962081462960e+04
1.125000000000000000e+04 4.487414232468490809e+04
1.078835143736688224e+04 4.525000000000000000e+04
1.075000000000000000e+04 4.527126274039444979e+04
1.025000000000000000e+04 4.550699960084589111e+04
9.761895410053526575e+03 4.575000000000000000e+04
9.750000000000000000e+03 4.576134630816680874e+04
9.250000000000000000e+03 4.602251042855774722e+04
8.768450590402317175e+03 4.625000000000000000e+04
8.750000000000000000e+03 4.626575109549170156e+04
8.251408725604069332e+03 4.675000000000000000e+04
8.250000000000000000e+03 4.675071867896366894e+04
7.750000000000000000e+03 4.680279406817637209e+04
7.253309811087782691e+03 4.725000000000000000e+04
7.250000000000000000e+03 4.725174326547532837e+04
6.750000000000000000e+03 4.750280304417352454e+04
6.254992892152096829e+03 4.775000000000000000e+04
6.250000000000000000e+03 4.775263296807024017e+04
5.750000000000000000e+03 4.800249571652631130e+04
5.253892244557262529e+03 4.825000000000000000e+04
5.250000000000000000e+03 4.825203487647327711e+04
4.750000000000000000e+03 4.850140202663232049e+04
4.251522505015950628e+03 4.875000000000000000e+04
4.250000000000000000e+03 4.875078511182536749e+04
3.750000000000000000e+03 4.900078575719138462e+04
3.250625943194899264e+03 4.925000000000000000e+04
3.250000000000000000e+03 4.925031276339357282e+04
2.750000000000000000e+03 4.950016639092149853e+04
2.250000000000000000e+03 4.951928365198912070e+04
1.755217609867378314e+03 4.975000000000000000e+04
1.750000000000000000e+03 4.975248974790509237e+04
1.250000000000000000e+03 5.000192129888779164e+04
7.515508508670446872e+02 5.025000000000000000e+04
7.500000000000000000e+02 5.025077253500244115e+04
2.500000000000000000e+02 5.035040756115335535e+04
-2.500000000000000000e+02 5.054073300270394975e+04
-7.143283354590240606e+02 5.075000000000000000e+04
-7.500000000000000000e+02 5.076585897084757016e+04
-1.250000000000000000e+03 5.100022982051494182e+04
-1.750000000000000000e+03 5.107101480755791999e+04
-2.166913961404797192e+03 5.125000000000000000e+04
-2.250000000000000000e+03 5.128520191987225553e+04
-2.750000000000000000e+03 5.140065518917650479e+04
-3.250000000000000000e+03 5.156522038775971305e+04
-3.695194026808956096e+03 5.175000000000000000e+04
-3.750000000000000000e+03 5.177296556512300594e+04
-4.250000000000000000e+03 5.183761648944464832e+04
-4.750000000000000000e+03 5.203443042553107080e+04
-5.250000000000000000e+03 5.207834414560130244e+04
-5.692545432434009854e+03 5.225000000000000000e+04
-5.750000000000000000e+03 5.227211697255215404e+04
-6.250000000000000000e+03 5.232798637279666582e+04
-6.750000000000000000e+03 5.252656088181839732e+04
-7.250000000000000000e+03 5.257024885008157435e+04
-7.750000000000000000e+03 5.276614065823815326e+04
-8.250000000000000000e+03 5.279754618726034096e+04
-8.750000000000000000e+03 5.284367931941891584e+04
-9.250000000000000000e+03 5.304507808203494642e+04
-9.750000000000000000e+03 5.313730815546596568e+04
-1.025000000000000000e+04 5.330048913986421394e+04
-1.075000000000000000e+04 5.344331757703042240e+04
-1.125000000000000000e+04 5.353777352484112635e+04
-1.175000000000000000e+04 5.355899795826085028e+04
-1.225000000000000000e+04 5.356941924291705072e+04
-1.275000000000000000e+04 5.375056900569896970e+04
-1.325000000000000000e+04 5.375434754568056087e+04
-1.375000000000000000e+04 5.375720736186251452e+04
-1.425000000000000000e+04 5.376569152845589269e+04
-1.475000000000000000e+04 5.377810801031660958e+04
-1.525000000000000000e+04 5.378872594504080917e+04
-1.575000000000000000e+04 5.379495326760136231e+04
-1.625000000000000000e+04 5.379787693747026788e+04
-1.675000000000000000e+04 5.379732960722551798e+04
-1.725000000000000000e+04 5.379745488586702413e+04
-1.775000000000000000e+04 5.379598701150134002e+04
-1.825000000000000000e+04 5.379436994121499447e+04
-1.875000000000000000e+04 5.379126178019124200e+04
-1.925000000000000000e+04 5.378565579677859932e+04
-1.975000000000000000e+04 5.377771688582078787e+04
-2.025000000000000000e+04 5.376806657090797671e+04
-2.075000000000000000e+04 5.375669213769727503e+04
-2.125000000000000000e+04 5.375003491810567357e+04
-2.175000000000000000e+04 5.356291560204866983e+04
-2.225000000000000000e+04 5.355953150837193971e+04
-2.275000000000000000e+04 5.355408323800315702e+04
-2.325000000000000000e+04 5.354602565899880574e+04
-2.375000000000000000e+04 5.353306780854953104e+04
-2.425000000000000000e+04 5.351541467217729951e+04
-2.475000000000000000e+04 5.335009405619302561e+04
-2.525000000000000000e+04 5.333083161258360633e+04
-2.575000000000000000e+04 5.328155711028966471e+04
-2.625000000000000000e+04 5.325538534521764814e+04
-2.675000000000000000e+04 5.325002816308979527e+04
-2.725000000000000000e+04 5.304154282662766491e+04
-2.775000000000000000e+04 5.301452885457644879e+04
-2.825000000000000000e+04 5.284627378543377563e+04
-2.875000000000000000e+04 5.278976003789684182e+04
-2.925000000000000000e+04 5.275531028451970633e+04
-2.975000000000000000e+04 5.275002564779668319e+04
-3.025000000000000000e+04 5.252068737636503647e+04
-3.075000000000000000e+04 5.234538143100809248e+04
-3.125000000000000000e+04 5.227521074104645959e+04
-3.175000000000000000e+04 5.225081205507644336e+04
-3.175185087519193257e+04 5.225000000000000000e+04
-3.225000000000000000e+04 5.202153244280914805e+04
-3.275000000000000000e+04 5.184015673819935182e+04
-3.325000000000000000e+04 5.176257466653792653e+04
-3.375000000000000000e+04 5.175017965988143987e+04
-3.375036385797024559e+04 5.175000000000000000e+04
-3.425000000000000000e+04 5.150330429960458423e+04
-3.475000000000000000e+04 5.128335345926084847e+04
-3.525000000000000000e+04 5.125162564091038075e+04
-3.525329525523178017e+04 5.125000000000000000e+04
-3.575000000000000000e+04 5.101590565738711302e+04
-3.625000000000000000e+04 5.100052183458198124e+04
-3.675000000000000000e+04 5.075221437447362405e+04
-3.675444536683859042e+04 5.075000000000000000e+04
-3.725000000000000000e+04 5.050546527475693438e+04
-3.751326904995950463e+04 5.025000000000000000e+04
-3.775000000000000000e+04 5.009249701322453620e+04
-3.825000000000000000e+04 4.975303123438871989e+04
-3.825285311647412163e+04 4.975000000000000000e+04
-3.875000000000000000e+04 4.950257094353590219e+04
-3.925000000000000000e+04 4.937820607660508540e+04
-3.975000000000000000e+04 4.925117598371783970e+04
-3.975345127683226019e+04 4.925000000000000000e+04
-4.025000000000000000e+04 4.901773550114218961e+04
-4.075000000000000000e+04 4.887618340386613272e+04
-4.125000000000000000e+04 4.875204488780353859e+04
-4.125817984871700901e+04 4.875000000000000000e+04
-4.175000000000000000e+04 4.850590593741014163e+04
-4.225000000000000000e+04 4.825567981925343338e+04
-4.227250589127223793e+04 4.825000000000000000e+04
-4.275000000000000000e+04 4.800917421954688325e+04
-4.325000000000000000e+04 4.775490344917597395e+04
-4.325975578465001308e+04 4.775000000000000000e+04
-4.375000000000000000e+04 4.741949351622656832e+04
-4.400797201376194425e+04 4.725000000000000000e+04
-4.425000000000000000e+04 4.708826798168657115e+04
-4.475000000000000000e+04 4.675972537473675766e+04
-4.477873345757072093e+04 4.675000000000000000e+04
-4.525000000000000000e+04 4.651100499812122871e+04
-4.575000000000000000e+04 4.626273021315511869e+04
-4.577567272143604350e+04 4.625000000000000000e+04
-4.625000000000000000e+04 4.601334592400055408e+04
-4.675000000000000000e+04 4.576415718541297247e+04
-4.677806760768521781e+04 4.575000000000000000e+04
-4.725000000000000000e+04 4.551807087787442288e+04
-4.775000000000000000e+04 4.525811232227379514e+04
-4.776606447825037321e+04 4.525000000000000000e+04
-4.825000000000000000e+04 4.500920559420104109e+04
-4.875000000000000000e+04 4.475303908626972407e+04
-4.875606032992500695e+04 4.475000000000000000e+04
-4.925000000000000000e+04 4.434530229295026948e+04
-4.935265020949107566e+04 4.425000000000000000e+04
-4.975000000000000000e+04 4.390414363718808454e+04
-5.025000000000000000e+04 4.377184740588739078e+04
-5.029163916579343640e+04 4.375000000000000000e+04
-5.075000000000000000e+04 4.335991572859411099e+04
-5.125000000000000000e+04 4.325710315266947146e+04
-5.126072458172297775e+04 4.325000000000000000e+04
-5.139526126381035283e+04 4.275000000000000000e+04
-5.175000000000000000e+04 4.230419845770247048e+04
-5.177998589450393774e+04 4.225000000000000000e+04
-5.225000000000000000e+04 4.178144444702936016e+04
-5.231294922450488230e+04 4.175000000000000000e+04
-5.275000000000000000e+04 4.135162720961649029e+04
-5.325000000000000000e+04 4.135091112971972325e+04
-5.336196183554585878e+04 4.125000000000000000e+04
-5.375000000000000000e+04 4.083067795346174535e+04
-5.377642066698858252e+04 4.075000000000000000e+04
-5.401751420742274786e+04 4.025000000000000000e+04
-5.425000000000000000e+04 4.000563500710411608e+04
-5.441707252174596942e+04 3.975000000000000000e+04
-5.456184553339912964e+04 3.925000000000000000e+04
-5.475000000000000000e+04 3.907542341109947301e+04
-5.525000000000000000e+04 3.900609349800401833e+04
-5.575000000000000000e+04 3.875276823683053954e+04
-5.576353537881482771e+04 3.875000000000000000e+04
-5.625000000000000000e+04 3.850871720067123533e+04
-5.642532611396944412e+04 3.825000000000000000e+04
-5.675000000000000000e+04 3.775023902232888940e+04
-5.675016430060521816e+04 3.775000000000000000e+04
-5.688062418014858122e+04 3.725000000000000000e+04
-5.701084449525014497e+04 3.675000000000000000e+04
-5.725000000000000000e+04 3.642519915627501177e+04
-5.742183478470916452e+04 3.625000000000000000e+04
-5.760106724052080972e+04 3.575000000000000000e+04
-5.775000000000000000e+04 3.559926431874039554e+04
-5.825000000000000000e+04 3.539307360862559290e+04
-5.850712660540321667e+04 3.525000000000000000e+04
-5.875000000000000000e+04 3.509083711718476843e+04
-5.925000000000000000e+04 3.478946792366624140e+04
-5.928526077504678688e+04 3.475000000000000000e+04
-5.950682367930287728e+04 3.425000000000000000e+04
-5.958615285965287330e+04 3.375000000000000000e+04
-5.975000000000000000e+04 3.358404394963109371e+04
-6.025000000000000000e+04 3.342757966961221973e+04
-6.075000000000000000e+04 3.325529235113524919e+04
-6.075824197730671585e+04 3.325000000000000000e+04
-6.101939715309068561e+04 3.275000000000000000e+04
-6.125000000000000000e+04 3.226075448175940619e+04
-6.125540112000198860e+04 3.225000000000000000e+04
-6.151074914148274547e+04 3.175000000000000000e+04
-6.175000000000000000e+04 3.126906533954196129e+04
-6.175958121701863274e+04 3.125000000000000000e+04
-6.208703216506740864e+04 3.075000000000000000e+04
-6.225000000000000000e+04 3.026891160428597868e+04
-6.225938889663121518e+04 3.025000000000000000e+04
-6.258540028623124090e+04 2.975000000000000000e+04
-6.275000000000000000e+04 2.926508626859682408e+04
-6.275505414124413073e+04 2.925000000000000000e+04
-6.308496979142269993e+04 2.875000000000000000e+04
-6.325000000000000000e+04 2.850293920112227715e+04
-6.335174590298844123e+04 2.825000000000000000e+04
-6.375000000000000000e+04 2.775273513386036575e+04
-6.375278570310458599e+04 2.775000000000000000e+04
-6.425000000000000000e+04 2.725089560035756222e+04
-6.425093718474308116e+04 2.725000000000000000e+04
-6.450506696468451264e+04 2.675000000000000000e+04
-6.475000000000000000e+04 2.626378833286836016e+04
-6.475694370855744637e+04 2.625000000000000000e+04
-6.500731912882610777e+04 2.575000000000000000e+04
-6.525000000000000000e+04 2.526641988662349104e+04
-6.525821053765846591e+04 2.525000000000000000e+04
-6.550748349293102365e+04 2.475000000000000000e+04
-6.575000000000000000e+04 2.426157492764152266e+04
-6.575576035099137516e+04 2.425000000000000000e+04
-6.600376596676047484e+04 2.375000000000000000e+04
-6.611176398994408373e+04 2.325000000000000000e+04
-6.625000000000000000e+04 2.276137410146088587e+04
-6.626029823184853012e+04 2.275000000000000000e+04
-6.675000000000000000e+04 2.225032624604660668e+04
-6.675027888236366562e+04 2.225000000000000000e+04
-6.700273878472871729e+04 2.175000000000000000e+04
-6.725000000000000000e+04 2.125314014269861218e+04
-6.725164026219495281e+04 2.125000000000000000e+04
-6.750181735540741647e+04 2.075000000000000000e+04
-6.775000000000000000e+04 2.025200831673749417e+04
-6.775099986517966317e+04 2.025000000000000000e+04
-6.781565566421470430e+04 1.975000000000000000e+04
-6.801757271386426874e+04 1.925000000000000000e+04
-6.825000000000000000e+04 1.875551048896769134e+04
-6.825242174453212647e+04 1.875000000000000000e+04
-6.835200123692736088e+04 1.825000000000000000e+04
-6.853135996567613620e+04 1.775000000000000000e+04
-6.875000000000000000e+04 1.725570446455900674e+04
-6.875228853630238154e+04 1.725000000000000000e+04
-6.900056319154784433e+04 1.675000000000000000e+04
-6.909914279232169793e+04 1.625000000000000000e+04
-6.925000000000000000e+04 1.575059441365461680e+04
-6.925025725014523778e+04 1.575000000000000000e+04
-6.927269849424343556e+04 1.525000000000000000e+04
-6.942822301354460069e+04 1.475000000000000000e+04
-6.958356594317198324e+04 1.425000000000000000e+04
-6.975000000000000000e+04 1.375004508524600169e+04
-6.975001614137900469e+04 1.375000000000000000e+04
-6.975260055957516306e+04 1.325000000000000000e+04
-6.988982484620151808e+04 1.275000000000000000e+04
-6.992645121247107454e+04 1.225000000000000000e+04
-6.994266480532295827e+04 1.175000000000000000e+04
-7.008405604442826007e+04 1.125000000000000000e+04
-7.025000000000000000e+04 1.075181883142503648e+04
-7.025096461180751794e+04 1.075000000000000000e+04
-7.050111271893035155e+04 1.025000000000000000e+04
-7.075005926888032991e+04 9.750000000000000000e+03
-7.076979168789494724e+04 9.250000000000000000e+03
-7.079798131676627963e+04 8.750000000000000000e+03
-7.081118675191837247e+04 8.250000000000000000e+03
-7.093458563976228470e+04 7.750000000000000000e+03
-7.078381266860448522e+04 7.250000000000000000e+03
-7.053651533755166747e+04 6.750000000000000000e+03
-7.033081540686737571e+04 6.250000000000000000e+03
-7.075000000000000000e+04 5.763098826184144855e+03
-7.076731702150381170e+04 5.750000000000000000e+03
-7.125000000000000000e+04 5.250028323636230198e+03
-7.125001141525019193e+04 5.250000000000000000e+03
-7.143433966398722259e+04 4.750000000000000000e+03
-7.151432156473882787e+04 4.250000000000000000e+03
-7.154705394297253224e+04 3.750000000000000000e+03
-7.156370586787705543e+04 3.250000000000000000e+03
-7.175000000000000000e+04 2.775355789248039855e+03
-7.175516428623379034e+04 2.750000000000000000e+03
-7.175565840665365977e+04 2.250000000000000000e+03
-7.176313259052597277e+04 1.750000000000000000e+03
-7.180224720151038491e+04 1.250000000000000000e+03
-7.178609683863718237e+04 7.500000000000000000e+02
-7.177643073595612077e+04 2.500000000000000000e+02
