-2.033156335071902722e+05
-2.023256335071902722e+05
-2.013356335071902722e+05
-2.003456335071902722e+05
-1.993556335071902722e+05
-1.983656335071902722e+05
-1.973756335071902722e+05
-1.963856335071902722e+05
-1.953956335071902722e+05
-1.944056335071902722e+05
-1.934156335071902722e+05
-1.924256335071902722e+05
-1.914356335071902722e+05
-1.904456335071902722e+05
-1.894556335071902722e+05
-1.884656335071902722e+05
-1.874756335071902722e+05
-1.864856335071902722e+05
-1.854956335071902722e+05
-1.845056335071902722e+05
-1.835156335071902722e+05
-1.825256335071902722e+05
-1.815356335071902722e+05
-1.805456335071902722e+05
-1.795556335071902722e+05
-1.785656335071902722e+05
-1.775756335071902722e+05
-1.765856335071902722e+05
-1.755956335071902722e+05
-1.746056335071902722e+05
-1.736156335071902722e+05
-1.726256335071902722e+05
-1.716356335071902722e+05
-1.706456335071902722e+05
-1.696556335071902722e+05
-1.686656335071902722e+05
-1.676756335071902722e+05
-1.666856335071902722e+05
-1.656956335071902722e+05
-1.647056335071902722e+05
-1.637156335071902722e+05
-1.627256335071902722e+05
-1.617356335071902722e+05
-1.607456335071902722e+05
-1.597556335071902722e+05
-1.587656335071902722e+05
-1.577756335071902722e+05
-1.567856335071902722e+05
-1.557956335071902722e+05
-1.548056335071902722e+05
-1.538156335071902722e+05
-1.528256335071902722e+05
-1.518356335071902722e+05
-1.508456335071902722e+05
-1.498556335071902722e+05
-1.488656335071902722e+05
-1.478756335071902722e+05
-1.468856335071902722e+05
-1.458956335071902722e+05
-1.449056335071902722e+05
-1.439156335071902722e+05
-1.429256335071902722e+05
-1.419356335071902722e+05
-1.409456335071902722e+05
-1.399556335071902722e+05
-1.389656335071902722e+05
-1.379756335071902722e+05
-1.369856335071902722e+05
-1.359956335071902722e+05
-1.350056335071902722e+05
-1.340156335071902722e+05
-1.330256335071902722e+05
-1.320356335071902722e+05
-1.310456335071902722e+05
-1.300556335071902722e+05
-1.290656335071902722e+05
-1.280756335071902722e+05
-1.270856335071902722e+05
-1.260956335071902722e+05
-1.251056335071902722e+05
-1.241156335071902722e+05
-1.231256335071902722e+05
-1.221356335071902722e+05
-1.211456335071902722e+05
-1.201556335071902722e+05
-1.191656335071902722e+05
-1.181756335071902722e+05
-1.171856335071902722e+05
-1.161956335071902722e+05
-1.152056335071902722e+05
-1.142156335071902722e+05
-1.132256335071902722e+05
-1.122356335071902722e+05
-1.112456335071902722e+05
-1.102556335071902722e+05
-1.092656335071902722e+05
-1.082756335071902722e+05
-1.072856335071902722e+05
-1.062956335071902722e+05
-1.053056335071902722e+05
-1.043156335071902722e+05
-1.033256335071902722e+05
-1.023356335071902722e+05
-1.013456335071902722e+05
-1.003556335071902722e+05
-9.936563350719027221e+04
-9.837563350719027221e+04
-9.738563350719027221e+04
-9.639563350719027221e+04
-9.540563350719027221e+04
-9.441563350719027221e+04
-9.342563350719027221e+04
-9.243563350719027221e+04
-9.144563350719027221e+04
-9.045563350719027221e+04
-8.946563350719027221e+04
-8.847563350719027221e+04
-8.748563350719027221e+04
-8.649563350719027221e+04
-8.550563350719027221e+04
-8.451563350719027221e+04
-8.352563350719027221e+04
-8.253563350719027221e+04
-8.154563350719027221e+04
-8.055563350719027221e+04
-7.956563350719027221e+04
-7.857563350719027221e+04
-7.758563350719027221e+04
-7.659563350719027221e+04
-7.560563350719027221e+04
-7.461563350719027221e+04
-7.362563350719027221e+04
-7.263563350719027221e+04
-7.164563350719027221e+04
-7.065563350719027221e+04
-6.966563350719027221e+04
-6.867563350719027221e+04
-6.768563350719027221e+04
-6.669563350719027221e+04
-6.570563350719027221e+04
-6.471563350719027221e+04
-6.372563350719027221e+04
-6.273563350719027221e+04
-6.174563350719027221e+04
-6.075563350719027221e+04
-5.976563350719027221e+04
-5.877563350719027221e+04
-5.778563350719027221e+04
-5.679563350719027221e+04
-5.580563350719027221e+04
-5.481563350719027221e+04
-5.382563350719027221e+04
-5.283563350719027221e+04
-5.184563350719027221e+04
-5.085563350719027221e+04
-4.986563350719027221e+04
-4.887563350719027221e+04
-4.788563350719027221e+04
-4.689563350719027221e+04
-4.590563350719027221e+04
-4.491563350719027221e+04
-4.392563350719027221e+04
-4.293563350719027221e+04
-4.194563350719027221e+04
-4.095563350719027221e+04
-3.996563350719027221e+04
-3.897563350719027221e+04
-3.798563350719027221e+04
-3.699563350719027221e+04
-3.600563350719027221e+04
-3.501563350719027221e+04
-3.402563350719027221e+04
-3.303563350719027221e+04
-3.204563350719027221e+04
-3.105563350719027221e+04
-3.006563350719027221e+04
-2.907563350719027221e+04
-2.808563350719027221e+04
-2.709563350719027221e+04
-2.610563350719027221e+04
-2.511563350719027221e+04
-2.412563350719027221e+04
-2.313563350719027221e+04
-2.214563350719027221e+04
-2.115563350719027221e+04
-2.016563350719027221e+04
-1.917563350719027221e+04
-1.818563350719027221e+04
-1.719563350719027221e+04
-1.620563350719027221e+04
-1.521563350719027221e+04
-1.422563350719027221e+04
-1.323563350719027221e+04
-1.224563350719027221e+04
-1.125563350719027221e+04
-1.026563350719027221e+04
-9.275633507190272212e+03
-8.285633507190272212e+03
-7.295633507190272212e+03
-6.305633507190272212e+03
-5.315633507190272212e+03
-4.325633507190272212e+03
-3.335633507190272212e+03
-2.345633507190272212e+03
-1.355633507190272212e+03
-3.656335071902722120e+02
6.243664928097277880e+02
1.614366492809727788e+03
2.604366492809727788e+03
3.594366492809727788e+03
4.584366492809727788e+03
5.574366492809727788e+03
6.564366492809727788e+03
7.554366492809727788e+03
8.544366492809727788e+03
9.534366492809727788e+03
1.052436649280972779e+04
1.151436649280972779e+04
1.250436649280972779e+04
1.349436649280972779e+04
1.448436649280972779e+04
1.547436649280972779e+04
1.646436649280972779e+04
1.745436649280972779e+04
1.844436649280972779e+04
1.943436649280972779e+04
2.042436649280972779e+04
2.141436649280972779e+04
2.240436649280972779e+04
2.339436649280972779e+04
2.438436649280972779e+04
2.537436649280972779e+04
2.636436649280972779e+04
2.735436649280972779e+04
2.834436649280972779e+04
2.933436649280972779e+04
3.032436649280972779e+04
3.131436649280972779e+04
3.230436649280972779e+04
3.329436649280972779e+04
3.428436649280972779e+04
3.527436649280972779e+04
3.626436649280972779e+04
3.725436649280972779e+04
3.824436649280972779e+04
3.923436649280972779e+04
4.022436649280972779e+04
4.121436649280972779e+04
4.220436649280972779e+04
4.319436649280972779e+04
4.418436649280972779e+04
4.517436649280972779e+04
4.616436649280972779e+04
4.715436649280972779e+04
4.814436649280972779e+04
4.913436649280972779e+04
5.012436649280972779e+04
5.111436649280972779e+04
5.210436649280972779e+04
5.309436649280972779e+04
5.408436649280972779e+04
5.507436649280972779e+04
5.606436649280972779e+04
5.705436649280972779e+04
5.804436649280972779e+04
5.903436649280972779e+04
6.002436649280972779e+04
6.101436649280972779e+04
6.200436649280972779e+04
6.299436649280972779e+04
6.398436649280972779e+04
6.497436649280972779e+04
6.596436649280972779e+04
6.695436649280972779e+04
6.794436649280972779e+04
6.893436649280972779e+04
6.992436649280972779e+04
7.091436649280972779e+04
7.190436649280972779e+04
7.289436649280972779e+04
7.388436649280972779e+04
7.487436649280972779e+04
7.586436649280972779e+04
7.685436649280972779e+04
7.784436649280972779e+04
7.883436649280972779e+04
7.982436649280972779e+04
8.081436649280972779e+04
8.180436649280972779e+04
8.279436649280972779e+04
8.378436649280972779e+04
8.477436649280972779e+04
8.576436649280972779e+04
8.675436649280972779e+04
8.774436649280972779e+04
8.873436649280972779e+04
8.972436649280972779e+04
9.071436649280972779e+04
9.170436649280972779e+04
9.269436649280972779e+04
9.368436649280972779e+04
9.467436649280972779e+04
9.566436649280972779e+04
9.665436649280972779e+04
9.764436649280972779e+04
9.863436649280972779e+04
9.962436649280972779e+04
1.006143664928097278e+05
1.016043664928097278e+05
1.025943664928097278e+05
1.035843664928097278e+05
1.045743664928097278e+05
1.055643664928097278e+05
1.065543664928097278e+05
1.075443664928097278e+05
1.085343664928097278e+05
1.095243664928097278e+05
1.105143664928097278e+05
1.115043664928097278e+05
1.124943664928097278e+05
1.134843664928097278e+05
1.144743664928097278e+05
1.154643664928097278e+05
1.164543664928097278e+05
1.174443664928097278e+05
1.184343664928097278e+05
1.194243664928097278e+05
1.204143664928097278e+05
1.214043664928097278e+05
1.223943664928097278e+05
1.233843664928097278e+05
1.243743664928097278e+05
1.253643664928097278e+05
1.263543664928097278e+05
1.273443664928097278e+05
1.283343664928097278e+05
1.293243664928097278e+05
1.303143664928097278e+05
1.313043664928097278e+05
1.322943664928097278e+05
1.332843664928097278e+05
1.342743664928097278e+05
1.352643664928097278e+05
1.362543664928097278e+05
1.372443664928097278e+05
1.382343664928097278e+05
1.392243664928097278e+05
1.402143664928097278e+05
1.412043664928097278e+05
1.421943664928097278e+05
1.431843664928097278e+05
1.441743664928097278e+05
1.451643664928097278e+05
1.461543664928097278e+05
1.471443664928097278e+05
1.481343664928097278e+05
1.491243664928097278e+05
1.501143664928097278e+05
1.511043664928097278e+05
1.520943664928097278e+05
1.530843664928097278e+05
1.540743664928097278e+05
1.550643664928097278e+05
1.560543664928097278e+05
1.570443664928097278e+05
1.580343664928097278e+05
1.590243664928097278e+05
1.600143664928097278e+05
1.610043664928097278e+05
1.619943664928097278e+05
1.629843664928097278e+05
1.639743664928097278e+05
1.649643664928097278e+05
1.659543664928097278e+05
1.669443664928097278e+05
1.679343664928097278e+05
1.689243664928097278e+05
1.699143664928097278e+05
1.709043664928097278e+05
1.718943664928097278e+05
1.728843664928097278e+05
1.738743664928097278e+05
1.748643664928097278e+05
1.758543664928097278e+05
1.768443664928097278e+05
1.778343664928097278e+05
1.788243664928097278e+05
1.798143664928097278e+05
1.808043664928097278e+05
1.817943664928097278e+05
1.827843664928097278e+05
1.837743664928097278e+05
1.847643664928097278e+05
1.857543664928097278e+05
1.867443664928097278e+05
1.877343664928097278e+05
1.887243664928097278e+05
1.897143664928097278e+05
1.907043664928097278e+05
1.916943664928097278e+05
1.926843664928097278e+05
1.936743664928097278e+05
1.946643664928097278e+05
1.956543664928097278e+05
1.966443664928097278e+05
1.976343664928097278e+05
1.986243664928097278e+05
1.996143664928097278e+05
2.006043664928097278e+05
2.015943664928097278e+05
2.025843664928097278e+05
2.035743664928097278e+05
