2.787002910534135026e+03 1.650000000000000000e+01
2.787000218088999645e+03 4.950000000000000000e+01
2.755500000000000000e+03 8.150753012555966848e+01
2.722500000000000000e+03 8.227630289900520211e+01
2.712999595772378143e+03 8.250000000000000000e+01
2.722274844850110185e+03 1.155000000000000000e+02
2.722269289453509828e+03 1.485000000000000000e+02
2.722260530248738633e+03 1.815000000000000000e+02
2.722249848593623028e+03 2.145000000000000000e+02
2.707314169855312230e+03 2.475000000000000000e+02
2.702052070386317155e+03 2.805000000000000000e+02
2.701406026925773858e+03 3.135000000000000000e+02
2.693663428656564520e+03 3.465000000000000000e+02
2.691272189948321284e+03 3.795000000000000000e+02
2.690049864585751948e+03 4.125000000000000000e+02
2.689500000000000000e+03 4.143546179174355757e+02
2.676529600745650441e+03 4.455000000000000000e+02
2.674832144770813102e+03 4.785000000000000000e+02
2.668820810911699937e+03 5.115000000000000000e+02
2.660284215159662381e+03 5.445000000000000000e+02
2.658521511065643608e+03 5.775000000000000000e+02
2.656524077682919142e+03 6.105000000000000000e+02
2.656500000000000000e+03 6.105820756056597247e+02
2.656288383387140584e+03 6.435000000000000000e+02
2.641220653580249746e+03 6.765000000000000000e+02
2.630588257298027202e+03 7.095000000000000000e+02
2.625501828663777815e+03 7.425000000000000000e+02
2.623500000000000000e+03 7.478816044076528442e+02
2.615465997568187959e+03 7.755000000000000000e+02
2.609744661426260336e+03 8.085000000000000000e+02
2.603063000488542912e+03 8.415000000000000000e+02
2.593904171720716477e+03 8.745000000000000000e+02
2.590656652846737870e+03 9.075000000000000000e+02
2.590500000000000000e+03 9.079888362528876087e+02
2.577024714717047573e+03 9.405000000000000000e+02
2.570076949628924467e+03 9.735000000000000000e+02
2.560771317528939107e+03 1.006500000000000000e+03
2.557701747998072733e+03 1.039500000000000000e+03
2.557500000000000000e+03 1.040139500962665579e+03
2.547514322883455861e+03 1.072500000000000000e+03
2.537462958685719514e+03 1.105500000000000000e+03
2.528711397389326976e+03 1.138500000000000000e+03
2.525634891363356928e+03 1.171500000000000000e+03
2.524500000000000000e+03 1.175450998618750873e+03
2.516010872090440898e+03 1.204500000000000000e+03
2.510322277238039078e+03 1.237500000000000000e+03
2.503632513285024288e+03 1.270500000000000000e+03
2.493694971091161278e+03 1.303500000000000000e+03
2.491505492861081166e+03 1.336500000000000000e+03
2.491500000000000000e+03 1.336516812633726886e+03
2.480708258348724030e+03 1.369500000000000000e+03
2.469594178227029261e+03 1.402500000000000000e+03
2.459357497051686096e+03 1.435500000000000000e+03
2.458500392474529690e+03 1.468500000000000000e+03
2.458500000000000000e+03 1.468500600111743097e+03
2.436891076083916232e+03 1.501500000000000000e+03
2.426057251169202118e+03 1.534500000000000000e+03
2.425500000000000000e+03 1.535618826173858906e+03
2.414668804706926494e+03 1.567500000000000000e+03
2.403673004535215114e+03 1.600500000000000000e+03
2.392726730880988725e+03 1.633500000000000000e+03
2.392500000000000000e+03 1.634163061096227693e+03
2.376588534169663490e+03 1.666500000000000000e+03
2.391964322438080217e+03 1.699500000000000000e+03
2.424183692068175333e+03 1.732500000000000000e+03
2.423718197014397447e+03 1.765500000000000000e+03
2.455773797681626093e+03 1.798500000000000000e+03
2.487871131111230170e+03 1.831500000000000000e+03
2.487655717808744612e+03 1.864500000000000000e+03
2.454871696702069585e+03 1.897500000000000000e+03
2.389556994251328433e+03 1.930500000000000000e+03
2.359500000000000000e+03 1.961003144295417769e+03
2.293500000000000000e+03 1.962719513861055248e+03
2.326500000000000000e+03 1.994188392954701158e+03
2.260500000000000000e+03 1.963234985332453789e+03
2.228502265430937769e+03 1.963500000000000000e+03
2.227500000000000000e+03 1.964610811370311467e+03
2.212193973681432453e+03 1.996500000000000000e+03
2.195005122448110342e+03 2.029500000000000000e+03
2.226943728022546111e+03 2.062500000000000000e+03
2.259199556570210007e+03 2.095500000000000000e+03
2.161500000000000000e+03 2.128308279763791234e+03
2.194500000000000000e+03 2.160746838923427276e+03
2.130402606177900907e+03 2.128500000000000000e+03
2.160666131968001537e+03 2.161500000000000000e+03
2.160270197383333198e+03 2.194500000000000000e+03
2.128500000000000000e+03 2.226303529561730102e+03
2.127319637030792364e+03 2.227500000000000000e+03
2.095500000000000000e+03 2.259682428582899320e+03
2.062500000000000000e+03 2.260120955515287733e+03
2.047244738870470655e+03 2.260500000000000000e+03
2.030261661494124610e+03 2.293500000000000000e+03
2.029500000000000000e+03 2.295006052093025119e+03
2.013697047835593821e+03 2.326500000000000000e+03
2.028902540379435777e+03 2.359500000000000000e+03
1.996500000000000000e+03 2.392192259176600601e+03
1.996192259556302588e+03 2.392500000000000000e+03
1.963500000000000000e+03 2.425215395080774215e+03
1.963248622678689344e+03 2.425500000000000000e+03
1.995438118293750449e+03 2.458500000000000000e+03
1.994679524773434878e+03 2.491500000000000000e+03
1.994171879952592235e+03 2.524500000000000000e+03
1.961407183480236426e+03 2.557500000000000000e+03
1.930500000000000000e+03 2.588662325321778553e+03
1.864500000000000000e+03 2.558811021514904496e+03
1.897500000000000000e+03 2.589686387406447921e+03
1.852313304508456667e+03 2.590500000000000000e+03
1.831500000000000000e+03 2.608283316521964935e+03
1.798500000000000000e+03 2.614265504260393755e+03
1.765734720413468722e+03 2.623500000000000000e+03
1.765500000000000000e+03 2.623552477178567642e+03
1.732500000000000000e+03 2.634622310164417286e+03
1.699500000000000000e+03 2.650433118433574236e+03
1.692750475747607652e+03 2.656500000000000000e+03
1.666500000000000000e+03 2.685521219248019861e+03
1.661992304895621828e+03 2.689500000000000000e+03
1.657162393483625237e+03 2.722500000000000000e+03
1.633567647527931513e+03 2.755500000000000000e+03
1.633500000000000000e+03 2.755705080238277333e+03
1.628907688376558781e+03 2.788500000000000000e+03
1.628317093466171627e+03 2.821500000000000000e+03
1.612947865505404934e+03 2.854500000000000000e+03
1.600736366759987277e+03 2.887500000000000000e+03
1.600500000000000000e+03 2.887618230014879828e+03
1.567500000000000000e+03 2.898908505564926600e+03
1.534500000000000000e+03 2.914482643901807478e+03
1.526950862937259899e+03 2.920500000000000000e+03
1.509974260577361974e+03 2.953500000000000000e+03
1.501500000000000000e+03 2.965175267838852960e+03
1.469939261680010077e+03 2.986500000000000000e+03
1.468500000000000000e+03 2.987874908961888650e+03
1.435873428078514962e+03 3.019500000000000000e+03
1.435500000000000000e+03 3.019868387939101467e+03
1.402500000000000000e+03 3.036572947385014231e+03
1.372427030668897714e+03 3.052500000000000000e+03
1.369500000000000000e+03 3.055339594070675503e+03
1.337328899863098059e+03 3.085500000000000000e+03
1.336500000000000000e+03 3.085925190690922591e+03
1.303646741728882262e+03 3.118500000000000000e+03
1.303500000000000000e+03 3.118643802212801347e+03
1.270500000000000000e+03 3.135703142039556951e+03
1.243825187431608583e+03 3.151500000000000000e+03
1.237500000000000000e+03 3.157616857299416552e+03
1.209174086026558143e+03 3.184500000000000000e+03
1.204500000000000000e+03 3.189061721939693598e+03
1.173697746744235701e+03 3.217500000000000000e+03
1.171500000000000000e+03 3.218648652245335597e+03
1.138574364992397022e+03 3.250500000000000000e+03
1.138500000000000000e+03 3.250549733889421077e+03
1.137890678712122963e+03 3.283500000000000000e+03
1.105500000000000000e+03 3.315686142104223563e+03
1.104686141198597397e+03 3.316500000000000000e+03
1.072500000000000000e+03 3.348480435068772749e+03
1.039500000000000000e+03 3.316530981854412403e+03
1.006500000000000000e+03 3.333206650787459694e+03
9.744601825518024043e+02 3.349500000000000000e+03
9.735000000000000000e+02 3.349828875589327254e+03
9.405000000000000000e+02 3.371789269874983347e+03
9.086675461584658251e+02 3.382500000000000000e+03
9.075000000000000000e+02 3.382897374401239631e+03
8.745000000000000000e+02 3.407391694357747383e+03
8.423066238618565649e+02 3.415500000000000000e+03
8.415000000000000000e+02 3.415771979593654578e+03
8.085000000000000000e+02 3.440368913759975385e+03
7.763046384252648977e+02 3.448500000000000000e+03
7.755000000000000000e+02 3.448771362640644384e+03
7.425000000000000000e+02 3.473340294461701887e+03
7.098063356104954664e+02 3.481500000000000000e+03
7.095000000000000000e+02 3.481602379866766569e+03
7.088408247107824991e+02 3.514500000000000000e+03
6.765000000000000000e+02 3.546415116310146459e+03
6.435000000000000000e+02 3.579197902843192423e+03
6.105000000000000000e+02 3.579408176906744757e+03
5.775000000000000000e+02 3.547283546542134900e+03
5.613039939388352195e+02 3.547500000000000000e+03
5.445000000000000000e+02 3.558525133919672953e+03
5.115000000000000000e+02 3.569680368429793361e+03
4.791630910822597684e+02 3.580500000000000000e+03
4.785000000000000000e+02 3.580722920003512172e+03
4.455000000000000000e+02 3.597049014167152563e+03
4.125585391190757605e+02 3.613500000000000000e+03
4.125000000000000000e+02 3.613538887448090009e+03
3.795000000000000000e+02 3.646047882765649319e+03
3.465000000000000000e+02 3.646275209769336470e+03
3.455848413379683848e+02 3.679500000000000000e+03
3.144740118008854779e+02 3.646500000000000000e+03
3.135000000000000000e+02 3.711150256840367092e+03
2.805000000000000000e+02 3.743971751788851634e+03
2.475000000000000000e+02 3.711807901198249510e+03
2.145000000000000000e+02 3.690561813978488772e+03
1.815000000000000000e+02 3.691910977585689125e+03
1.485000000000000000e+02 3.702447575578112264e+03
1.329279669303642208e+02 3.712500000000000000e+03
1.155000000000000000e+02 3.721148181673084309e+03
8.250000000000000000e+01 3.734609214659159989e+03
4.961470718244874689e+01 3.745500000000000000e+03
4.950000000000000000e+01 3.745530331692541495e+03
1.650000000000000000e+01 3.756661229932890819e+03
-1.650000000000000000e+01 3.767528889219417124e+03
-3.294526221623098650e+01 3.778500000000000000e+03
-4.950000000000000000e+01 3.785399110372724408e+03
-8.250000000000000000e+01 3.790464608197683901e+03
-1.155000000000000000e+02 3.798696365070354204e+03
-1.456208805663496832e+02 3.811500000000000000e+03
-1.485000000000000000e+02 3.812296202673665903e+03
-1.815000000000000000e+02 3.820461440242248045e+03
-2.145000000000000000e+02 3.824983567660393874e+03
-2.475000000000000000e+02 3.829962135372837565e+03
-2.805000000000000000e+02 3.837942768437705581e+03
-3.066142123699725062e+02 3.844500000000000000e+03
-3.135000000000000000e+02 3.846757081380912950e+03
-3.465000000000000000e+02 3.857290253932023461e+03
-3.795000000000000000e+02 3.867044979256736497e+03
-4.125000000000000000e+02 3.868652335505931660e+03
-4.455000000000000000e+02 3.878127340004795769e+03
-4.785000000000000000e+02 3.880472011815581027e+03
-5.115000000000000000e+02 3.889660434162941783e+03
-5.445000000000000000e+02 3.890481422165196818e+03
-5.775000000000000000e+02 3.895449152785468414e+03
-6.105000000000000000e+02 3.900369247817943233e+03
-6.435000000000000000e+02 3.901835288736383518e+03
-6.765000000000000000e+02 3.911608679376444343e+03
-7.095000000000000000e+02 3.913454358653855252e+03
-7.425000000000000000e+02 3.914824278686747675e+03
-7.755000000000000000e+02 3.918214874806971693e+03
-8.085000000000000000e+02 3.918470848689268223e+03
-8.415000000000000000e+02 3.919240061097969374e+03
-8.745000000000000000e+02 3.928470302186501158e+03
-9.075000000000000000e+02 3.929668130176293289e+03
-9.405000000000000000e+02 3.931251101420011764e+03
-9.735000000000000000e+02 3.943840378616856015e+03
-1.006500000000000000e+03 3.944605366453449278e+03
-1.039500000000000000e+03 3.945382230431984226e+03
-1.072500000000000000e+03 3.944892079901363559e+03
-1.105500000000000000e+03 3.943741085294279401e+03
-1.138500000000000000e+03 3.931337121557829960e+03
-1.171500000000000000e+03 3.930420851123950342e+03
-1.204500000000000000e+03 3.928804788428228676e+03
-1.237500000000000000e+03 3.918658306685178104e+03
-1.270500000000000000e+03 3.916132366573688614e+03
-1.303500000000000000e+03 3.912771314102558790e+03
-1.336500000000000000e+03 3.900102056189557061e+03
-1.369500000000000000e+03 3.898357196200966428e+03
-1.402500000000000000e+03 3.890413306670275233e+03
-1.435500000000000000e+03 3.887680388588233200e+03
-1.468500000000000000e+03 3.885368105982145607e+03
-1.501500000000000000e+03 3.880934184811424075e+03
-1.534500000000000000e+03 3.877511773397218803e+03
-1.567500000000000000e+03 3.864391936594963227e+03
-1.600500000000000000e+03 3.854432170161940576e+03
-1.633500000000000000e+03 3.851558857490982973e+03
-1.666500000000000000e+03 3.846548954902847072e+03
-1.699500000000000000e+03 3.876976567498315944e+03
-1.732279433629122650e+03 3.844500000000000000e+03
-1.732500000000000000e+03 3.844279434640699492e+03
-1.765500000000000000e+03 3.819791167618320742e+03
-1.798500000000000000e+03 3.816611773063484634e+03
-1.831500000000000000e+03 3.811680730627646426e+03
-1.831943131467267904e+03 3.811500000000000000e+03
-1.864500000000000000e+03 3.798685121026074285e+03
-1.897500000000000000e+03 3.789306506595256906e+03
-1.930500000000000000e+03 3.786900524873603445e+03
-1.963500000000000000e+03 3.785309137275302874e+03
-1.996500000000000000e+03 3.783653963619127808e+03
-2.029500000000000000e+03 3.779880554638853937e+03
-2.062500000000000000e+03 3.778561276245115096e+03
-2.062648029165151002e+03 3.778500000000000000e+03
-2.095500000000000000e+03 3.765184251848763779e+03
-2.128500000000000000e+03 3.763981482471709569e+03
-2.161500000000000000e+03 3.752580183418273919e+03
-2.194500000000000000e+03 3.751037236060316900e+03
-2.227500000000000000e+03 3.746175259676312180e+03
-2.260500000000000000e+03 3.745506837352590992e+03
-2.260520860226135483e+03 3.745500000000000000e+03
-2.293500000000000000e+03 3.729354381513536282e+03
-2.326500000000000000e+03 3.717353984759546165e+03
-2.359500000000000000e+03 3.712883195480507766e+03
-2.360421241713233940e+03 3.712500000000000000e+03
-2.392500000000000000e+03 3.697846984078651985e+03
-2.425500000000000000e+03 3.686592592272905222e+03
-2.458500000000000000e+03 3.685606102848153114e+03
-2.491500000000000000e+03 3.681998532013358727e+03
-2.496732346806557871e+03 3.679500000000000000e+03
-2.524500000000000000e+03 3.655997006933236662e+03
-2.557500000000000000e+03 3.652572447282698249e+03
-2.565274894248917462e+03 3.646500000000000000e+03
-2.623500000000000000e+03 3.743471055560853983e+03
-2.590500000000000000e+03 3.621467076010534129e+03
-2.628858138214309292e+03 3.613500000000000000e+03
-2.656500000000000000e+03 3.585901900365866368e+03
-2.663542222677801874e+03 3.580500000000000000e+03
-2.689500000000000000e+03 3.550609376582361620e+03
-2.722500000000000000e+03 3.553074875804042222e+03
-2.755500000000000000e+03 3.550271653111340129e+03
-2.788500000000000000e+03 3.547593001429241212e+03
-2.788687466567429965e+03 3.547500000000000000e+03
-2.821500000000000000e+03 3.519433845391773502e+03
-2.887500000000000000e+03 3.611993180876871065e+03
-2.920500000000000000e+03 3.677340396980260266e+03
-2.854500000000000000e+03 3.514817560750406756e+03
-2.953500000000000000e+03 3.709947725109399471e+03
-2.986500000000000000e+03 3.742606985376865850e+03
-3.019500000000000000e+03 3.742579056613467401e+03
-3.047078979953661474e+03 3.349500000000000000e+03
-3.052500000000000000e+03 3.344102059669506161e+03
-3.149981594467904415e+03 3.514500000000000000e+03
-3.084849228657424646e+03 3.382500000000000000e+03
-3.150426235835770967e+03 3.481500000000000000e+03
-3.117731247442415224e+03 3.415500000000000000e+03
-3.085500000000000000e+03 3.341490721495362777e+03
-3.150660990686380956e+03 3.448500000000000000e+03
-3.110344900382777269e+03 3.316500000000000000e+03
-3.118500000000000000e+03 3.307838909699978558e+03
-3.151500000000000000e+03 3.306294792190748467e+03
-3.175512708940986613e+03 3.283500000000000000e+03
-3.184500000000000000e+03 3.274675679478127677e+03
-3.217500000000000000e+03 3.271635364942547312e+03
-3.246413420191533078e+03 3.250500000000000000e+03
-3.250500000000000000e+03 3.245091976150233677e+03
-3.283500000000000000e+03 3.236393495400919619e+03
-3.316500000000000000e+03 3.228539716159772524e+03
-3.349500000000000000e+03 3.217514106084903233e+03
-3.349542257446712938e+03 3.217500000000000000e+03
-3.382500000000000000e+03 3.204509188962131248e+03
-3.415500000000000000e+03 3.192944052371011821e+03
-3.448500000000000000e+03 3.184762452996033971e+03
-3.449518314145301702e+03 3.184500000000000000e+03
-3.481500000000000000e+03 3.151833301835684779e+03
-3.482197326901620272e+03 3.151500000000000000e+03
-3.486338932153982569e+03 3.118500000000000000e+03
-3.485549305503327105e+03 3.085500000000000000e+03
-3.484626128279709064e+03 3.052500000000000000e+03
-3.506890249267513809e+03 3.019500000000000000e+03
-3.514500000000000000e+03 3.015780279906077794e+03
-3.543475021616740833e+03 2.986500000000000000e+03
-3.547500000000000000e+03 2.982516447310615149e+03
-3.580500000000000000e+03 2.980146323650474187e+03
-3.609016710142325337e+03 2.953500000000000000e+03
-3.613500000000000000e+03 2.949157329274088625e+03
-3.712500000000000000e+03 3.051906539200603675e+03
-3.646500000000000000e+03 2.948898780999865721e+03
-3.745500000000000000e+03 3.051843307184350579e+03
-3.679500000000000000e+03 2.944953875281725232e+03
-3.778500000000000000e+03 3.051330431038296410e+03
-3.811500000000000000e+03 3.050693510139762111e+03
-3.844500000000000000e+03 3.017465846152390895e+03
-3.875333126124627597e+03 2.920500000000000000e+03
-3.847264704954107401e+03 2.887500000000000000e+03
-3.877500000000000000e+03 2.860723765879595703e+03
-3.884264614428991536e+03 2.854500000000000000e+03
-3.910500000000000000e+03 2.828476033446317160e+03
-3.943500000000000000e+03 2.822442023058129507e+03
-3.951181808286810337e+03 2.821500000000000000e+03
-3.976500000000000000e+03 2.800132008866522938e+03
-3.991573651296528169e+03 2.788500000000000000e+03
-4.009500000000000000e+03 2.762915352051833906e+03
-4.014208597558597376e+03 2.755500000000000000e+03
-4.016171137937800722e+03 2.722500000000000000e+03
-4.012656956192473444e+03 2.689500000000000000e+03
-4.010126967978069388e+03 2.656500000000000000e+03
-4.075500000000000000e+03 2.656423868511966702e+03
-4.108500000000000000e+03 2.687663586244595081e+03
-4.042500000000000000e+03 2.624008750528297696e+03
-4.141500000000000000e+03 2.654670193271142580e+03
-4.172691955378992134e+03 2.623500000000000000e+03
-4.146324507013187940e+03 2.590500000000000000e+03
-4.174500000000000000e+03 2.562531803126114482e+03
-4.179327126862083787e+03 2.557500000000000000e+03
-4.207500000000000000e+03 2.528763129841300270e+03
-4.208183744689492414e+03 2.524500000000000000e+03
-4.240500000000000000e+03 2.491900715850145389e+03
-4.240908758299938199e+03 2.491500000000000000e+03
-4.250531785623657925e+03 2.458500000000000000e+03
-4.273500000000000000e+03 2.434473255843282914e+03
-4.275720676398945216e+03 2.425500000000000000e+03
-4.306500000000000000e+03 2.393822832113716686e+03
-4.307620223650419575e+03 2.392500000000000000e+03
-4.339500000000000000e+03 2.359616611925102461e+03
-4.339620894623430104e+03 2.359500000000000000e+03
-4.348213200702675749e+03 2.326500000000000000e+03
-4.372500000000000000e+03 2.294292893600397747e+03
-4.372982697518605164e+03 2.293500000000000000e+03
-4.405500000000000000e+03 2.260532420137611098e+03
-4.405532617651971123e+03 2.260500000000000000e+03
-4.412320720252431784e+03 2.227500000000000000e+03
-4.438500000000000000e+03 2.194631265295224694e+03
-4.438617118463264887e+03 2.194500000000000000e+03
-4.471500000000000000e+03 2.190329234420414195e+03
-4.500517909789064106e+03 2.161500000000000000e+03
-4.500933350715406050e+03 2.095500000000000000e+03
-4.568953465406088071e+03 2.128500000000000000e+03
-4.504500000000000000e+03 2.062614308793117743e+03
-4.512655922563934837e+03 2.029500000000000000e+03
-4.569037803555455866e+03 2.062500000000000000e+03
-4.537500000000000000e+03 1.996672106823747072e+03
-4.537674990622095720e+03 1.996500000000000000e+03
-4.546695429080811664e+03 1.963500000000000000e+03
-4.570500000000000000e+03 1.930807484296707571e+03
-4.570808294729163208e+03 1.930500000000000000e+03
-4.603500000000000000e+03 1.929906373106412502e+03
-4.701903877493850814e+03 1.897500000000000000e+03
-4.668908196851276443e+03 1.864500000000000000e+03
-4.616096402713519637e+03 1.831500000000000000e+03
-4.636500000000000000e+03 1.809706469587274341e+03
-4.645741994991552929e+03 1.798500000000000000e+03
-4.653414832177339122e+03 1.765500000000000000e+03
-4.669500000000000000e+03 1.764635280672935551e+03
-4.702500000000000000e+03 1.764279432053773689e+03
-4.734317679962253351e+03 1.732500000000000000e+03
-4.767371239765125210e+03 1.699500000000000000e+03
-4.734548977820973960e+03 1.666500000000000000e+03
-4.720097137885125449e+03 1.633500000000000000e+03
-4.735500000000000000e+03 1.611893110164369773e+03
-4.746626252499787370e+03 1.600500000000000000e+03
-4.753234668379737741e+03 1.567500000000000000e+03
-4.758380395396261520e+03 1.534500000000000000e+03
-4.768500000000000000e+03 1.534044621912257071e+03
-4.800744495648061275e+03 1.501500000000000000e+03
-4.801500000000000000e+03 1.500744501189607035e+03
-4.833758032136148358e+03 1.468500000000000000e+03
-4.801586076450058499e+03 1.435500000000000000e+03
-4.823520478509321038e+03 1.402500000000000000e+03
-4.824439220936587844e+03 1.369500000000000000e+03
-4.834500000000000000e+03 1.336572316740850511e+03
-4.834568981149081992e+03 1.336500000000000000e+03
-4.856618405086004714e+03 1.303500000000000000e+03
-4.857087293916325507e+03 1.270500000000000000e+03
-4.860725332619059373e+03 1.237500000000000000e+03
-4.862414307462811848e+03 1.204500000000000000e+03
-4.867500000000000000e+03 1.197032795802426335e+03
-4.891313171626170515e+03 1.171500000000000000e+03
-4.892990372154871693e+03 1.138500000000000000e+03
-4.900500000000000000e+03 1.105526136529875430e+03
-4.900523694464978689e+03 1.105500000000000000e+03
-4.926491069289463667e+03 1.072500000000000000e+03
-4.933500000000000000e+03 1.040778104665651426e+03
-4.934589915328816460e+03 1.039500000000000000e+03
-4.939563946560878321e+03 1.006500000000000000e+03
-4.966500000000000000e+03 9.741309733927923844e+02
-4.967114588354448642e+03 9.735000000000000000e+02
-4.970493542804572826e+03 9.405000000000000000e+02
-4.986436707674453828e+03 9.075000000000000000e+02
-4.987700242876314405e+03 8.745000000000000000e+02
-4.991479294735363510e+03 8.415000000000000000e+02
-4.999500000000000000e+03 8.413384184930025640e+02
-5.032274165286319658e+03 8.085000000000000000e+02
-5.002599281266220714e+03 7.755000000000000000e+02
-5.017273959020523762e+03 7.425000000000000000e+02
-5.017903944025427336e+03 7.095000000000000000e+02
-5.018573191351877540e+03 6.765000000000000000e+02
-5.032500000000000000e+03 6.757351461530937513e+02
-5.130115117686830672e+03 6.435000000000000000e+02
-5.097271951325300506e+03 6.105000000000000000e+02
-5.035974362303752059e+03 5.775000000000000000e+02
-5.065500000000000000e+03 5.453863799489917028e+02
-5.066775290351464719e+03 5.445000000000000000e+02
-5.073878634978041191e+03 5.115000000000000000e+02
-5.080174119630173664e+03 4.785000000000000000e+02
-5.101059293001227161e+03 4.455000000000000000e+02
-5.099655511428170939e+03 4.125000000000000000e+02
-5.099649132307222317e+03 3.795000000000000000e+02
-5.081471529353428195e+03 3.465000000000000000e+02
-5.080804054702781286e+03 3.135000000000000000e+02
-5.080063980874452682e+03 2.805000000000000000e+02
-5.098500000000000000e+03 2.803135647826162540e+02
-5.163892673516740615e+03 2.475000000000000000e+02
-5.163696931801263418e+03 2.145000000000000000e+02
-5.196582035815777999e+03 1.815000000000000000e+02
-5.163901341162236349e+03 1.485000000000000000e+02
-5.163897229969828004e+03 1.155000000000000000e+02
-5.329500000000000000e+03 1.128621732929322405e+02
-5.362500000000000000e+03 1.123530717094273825e+02
-5.494500000000000000e+03 1.112980371091864669e+02
-5.527500000000000000e+03 1.107301745369224477e+02
-5.560500000000000000e+03 1.102938968884978124e+02
-5.130948994686063998e+03 8.250000000000000000e+01
-5.131500000000000000e+03 8.196093661531456576e+01
-5.296500000000000000e+03 8.041942161890402474e+01
-5.395500000000000000e+03 7.905962559442076554e+01
-5.461500000000000000e+03 7.886117974028618960e+01
-5.593500000000000000e+03 7.756860693341761248e+01
-5.163897014763937477e+03 4.950000000000000000e+01
-5.164500000000000000e+03 4.889495517508917999e+01
-5.197500000000000000e+03 4.889271692285871751e+01
-5.230500000000000000e+03 4.867487364762853730e+01
-5.263500000000000000e+03 4.832949101195087138e+01
-5.428500000000000000e+03 4.623379325234179760e+01
-5.626500000000000000e+03 4.369669346011097844e+01
-5.653515903542185697e+03 1.650000000000000000e+01
