1.121263903444891952e+01
1.001212639034448671e+03
1.991212639034448557e+03
2.981212639034447875e+03
3.971212639034447875e+03
4.961212639034448330e+03
5.951212639034447420e+03
6.941212639034447420e+03
7.931212639034447420e+03
8.921212639034447420e+03
9.911212639034447420e+03
1.090121263903444742e+04
1.189121263903444560e+04
1.288121263903444560e+04
1.387121263903444560e+04
1.486121263903444560e+04
1.585121263903444560e+04
1.684121263903444560e+04
1.783121263903444560e+04
1.882121263903444560e+04
1.981121263903444560e+04
2.080121263903444560e+04
2.179121263903444560e+04
2.278121263903444560e+04
2.377121263903444196e+04
2.476121263903444196e+04
2.575121263903444196e+04
2.674121263903444196e+04
2.773121263903444196e+04
2.872121263903444196e+04
2.971121263903444196e+04
3.070121263903444196e+04
3.169121263903444196e+04
3.268121263903444196e+04
3.367121263903444196e+04
3.466121263903444196e+04
3.565121263903444196e+04
3.664121263903444196e+04
3.763121263903444196e+04
3.862121263903444196e+04
3.961121263903444196e+04
4.060121263903444196e+04
4.159121263903444196e+04
4.258121263903444196e+04
4.357121263903444196e+04
4.456121263903444196e+04
4.555121263903444196e+04
4.654121263903444196e+04
4.753121263903443469e+04
4.852121263903443469e+04
4.951121263903443469e+04
5.050121263903443469e+04
5.149121263903443469e+04
5.248121263903443469e+04
5.347121263903443469e+04
5.446121263903443469e+04
5.545121263903443469e+04
5.644121263903443469e+04
5.743121263903443469e+04
5.842121263903443469e+04
5.941121263903443469e+04
6.040121263903443469e+04
6.139121263903443469e+04
6.238121263903443469e+04
6.337121263903443469e+04
6.436121263903443469e+04
6.535121263903443469e+04
6.634121263903443469e+04
6.733121263903443469e+04
6.832121263903443469e+04
6.931121263903443469e+04
7.030121263903443469e+04
7.129121263903443469e+04
7.228121263903443469e+04
7.327121263903443469e+04
7.426121263903443469e+04
7.525121263903443469e+04
7.624121263903443469e+04
7.723121263903443469e+04
7.822121263903443469e+04
7.921121263903443469e+04
8.020121263903443469e+04
8.119121263903443469e+04
8.218121263903443469e+04
8.317121263903443469e+04
8.416121263903443469e+04
8.515121263903443469e+04
8.614121263903443469e+04
8.713121263903443469e+04
8.812121263903443469e+04
8.911121263903443469e+04
9.010121263903443469e+04
9.109121263903443469e+04
9.208121263903443469e+04
9.307121263903443469e+04
9.406121263903443469e+04
9.505121263903442014e+04
9.604121263903442014e+04
9.703121263903442014e+04
9.802121263903442014e+04
9.901121263903442014e+04
1.000012126390344201e+05
1.009912126390344201e+05
1.019812126390344201e+05
1.029712126390344201e+05
1.039612126390344201e+05
1.049512126390344201e+05
1.059412126390344201e+05
1.069312126390344201e+05
1.079212126390344201e+05
1.089112126390344201e+05
1.099012126390344201e+05
1.108912126390344201e+05
1.118812126390344201e+05
1.128712126390344201e+05
1.138612126390344201e+05
1.148512126390344201e+05
1.158412126390344201e+05
1.168312126390344201e+05
1.178212126390344201e+05
1.188112126390344201e+05
1.198012126390344201e+05
1.207912126390344201e+05
1.217812126390344201e+05
1.227712126390344201e+05
1.237612126390344201e+05
1.247512126390344201e+05
1.257412126390344201e+05
1.267312126390344201e+05
1.277212126390344201e+05
1.287112126390344201e+05
1.297012126390344201e+05
1.306912126390344201e+05
1.316812126390344056e+05
1.326712126390344056e+05
1.336612126390344056e+05
1.346512126390344056e+05
1.356412126390344056e+05
1.366312126390344056e+05
1.376212126390344056e+05
1.386112126390344056e+05
1.396012126390344056e+05
1.405912126390344056e+05
1.415812126390344056e+05
1.425712126390344056e+05
1.435612126390344056e+05
1.445512126390344056e+05
1.455412126390344056e+05
1.465312126390344056e+05
1.475212126390344056e+05
1.485112126390344056e+05
1.495012126390344056e+05
1.504912126390344056e+05
1.514812126390344056e+05
1.524712126390344056e+05
1.534612126390344056e+05
1.544512126390344056e+05
1.554412126390344056e+05
1.564312126390344056e+05
1.574212126390344056e+05
