-1.568724060256974772e+05
-1.558824060256974772e+05
-1.548924060256974772e+05
-1.539024060256974772e+05
-1.529124060256974772e+05
-1.519224060256974772e+05
-1.509324060256974772e+05
-1.499424060256974772e+05
-1.489524060256974772e+05
-1.479624060256974772e+05
-1.469724060256974772e+05
-1.459824060256974772e+05
-1.449924060256974772e+05
-1.440024060256974772e+05
-1.430124060256974772e+05
-1.420224060256974772e+05
-1.410324060256974772e+05
-1.400424060256974772e+05
-1.390524060256974772e+05
-1.380624060256974772e+05
-1.370724060256974772e+05
-1.360824060256974772e+05
-1.350924060256974772e+05
-1.341024060256974772e+05
-1.331124060256974772e+05
-1.321224060256974772e+05
-1.311324060256974772e+05
-1.301424060256974772e+05
-1.291524060256974772e+05
-1.281624060256974772e+05
-1.271724060256974772e+05
-1.261824060256974772e+05
-1.251924060256974772e+05
-1.242024060256974772e+05
-1.232124060256974772e+05
-1.222224060256974772e+05
-1.212324060256974772e+05
-1.202424060256974772e+05
-1.192524060256974772e+05
-1.182624060256974772e+05
-1.172724060256974772e+05
-1.162824060256974772e+05
-1.152924060256974772e+05
-1.143024060256974772e+05
-1.133124060256974772e+05
-1.123224060256974772e+05
-1.113324060256974772e+05
-1.103424060256974772e+05
-1.093524060256974772e+05
-1.083624060256974772e+05
-1.073724060256974772e+05
-1.063824060256974772e+05
-1.053924060256974772e+05
-1.044024060256974772e+05
-1.034124060256974772e+05
-1.024224060256974772e+05
-1.014324060256974772e+05
-1.004424060256974772e+05
-9.945240602569747716e+04
-9.846240602569747716e+04
-9.747240602569747716e+04
-9.648240602569747716e+04
-9.549240602569747716e+04
-9.450240602569747716e+04
-9.351240602569747716e+04
-9.252240602569747716e+04
-9.153240602569747716e+04
-9.054240602569747716e+04
-8.955240602569747716e+04
-8.856240602569747716e+04
-8.757240602569747716e+04
-8.658240602569747716e+04
-8.559240602569747716e+04
-8.460240602569747716e+04
-8.361240602569747716e+04
-8.262240602569747716e+04
-8.163240602569747716e+04
-8.064240602569747716e+04
-7.965240602569747716e+04
-7.866240602569747716e+04
-7.767240602569747716e+04
-7.668240602569747716e+04
-7.569240602569747716e+04
-7.470240602569747716e+04
-7.371240602569747716e+04
-7.272240602569747716e+04
-7.173240602569747716e+04
-7.074240602569747716e+04
-6.975240602569747716e+04
-6.876240602569747716e+04
-6.777240602569747716e+04
-6.678240602569747716e+04
-6.579240602569747716e+04
-6.480240602569747716e+04
-6.381240602569747716e+04
-6.282240602569747716e+04
-6.183240602569747716e+04
-6.084240602569747716e+04
-5.985240602569747716e+04
-5.886240602569747716e+04
-5.787240602569747716e+04
-5.688240602569747716e+04
-5.589240602569747716e+04
-5.490240602569747716e+04
-5.391240602569747716e+04
-5.292240602569747716e+04
-5.193240602569747716e+04
-5.094240602569747716e+04
-4.995240602569747716e+04
-4.896240602569747716e+04
-4.797240602569747716e+04
-4.698240602569747716e+04
-4.599240602569747716e+04
-4.500240602569747716e+04
-4.401240602569747716e+04
-4.302240602569747716e+04
-4.203240602569747716e+04
-4.104240602569747716e+04
-4.005240602569747716e+04
-3.906240602569747716e+04
-3.807240602569747716e+04
-3.708240602569747716e+04
-3.609240602569747716e+04
-3.510240602569747716e+04
-3.411240602569747716e+04
-3.312240602569747716e+04
-3.213240602569747716e+04
-3.114240602569747716e+04
-3.015240602569747716e+04
-2.916240602569747716e+04
-2.817240602569747716e+04
-2.718240602569747716e+04
-2.619240602569747716e+04
-2.520240602569747716e+04
-2.421240602569747716e+04
-2.322240602569747716e+04
-2.223240602569747716e+04
-2.124240602569747716e+04
-2.025240602569747716e+04
-1.926240602569747716e+04
-1.827240602569747716e+04
-1.728240602569747716e+04
-1.629240602569747716e+04
-1.530240602569747716e+04
-1.431240602569747716e+04
-1.332240602569747716e+04
-1.233240602569747716e+04
-1.134240602569747716e+04
-1.035240602569747716e+04
-9.362406025697477162e+03
-8.372406025697477162e+03
-7.382406025697477162e+03
-6.392406025697477162e+03
-5.402406025697477162e+03
-4.412406025697477162e+03
-3.422406025697477162e+03
-2.432406025697477162e+03
-1.442406025697477162e+03
-4.524060256974771619e+02
5.375939743025228381e+02
1.527593974302522838e+03
2.517593974302522838e+03
3.507593974302522838e+03
4.497593974302522838e+03
5.487593974302522838e+03
6.477593974302522838e+03
7.467593974302522838e+03
8.457593974302522838e+03
9.447593974302522838e+03
1.043759397430252284e+04
1.142759397430252284e+04
1.241759397430252284e+04
1.340759397430252284e+04
1.439759397430252284e+04
1.538759397430252284e+04
1.637759397430252284e+04
1.736759397430252284e+04
1.835759397430252284e+04
1.934759397430252284e+04
2.033759397430252284e+04
2.132759397430252284e+04
2.231759397430252284e+04
2.330759397430252284e+04
2.429759397430252284e+04
2.528759397430252284e+04
2.627759397430252284e+04
2.726759397430252284e+04
2.825759397430252284e+04
2.924759397430252284e+04
3.023759397430252284e+04
3.122759397430252284e+04
3.221759397430252284e+04
3.320759397430252284e+04
3.419759397430252284e+04
3.518759397430252284e+04
3.617759397430252284e+04
3.716759397430252284e+04
3.815759397430252284e+04
3.914759397430252284e+04
4.013759397430252284e+04
4.112759397430252284e+04
4.211759397430252284e+04
4.310759397430252284e+04
4.409759397430252284e+04
4.508759397430252284e+04
4.607759397430252284e+04
4.706759397430252284e+04
4.805759397430252284e+04
4.904759397430252284e+04
5.003759397430252284e+04
5.102759397430252284e+04
5.201759397430252284e+04
5.300759397430252284e+04
5.399759397430252284e+04
5.498759397430252284e+04
5.597759397430252284e+04
5.696759397430252284e+04
5.795759397430252284e+04
5.894759397430252284e+04
5.993759397430252284e+04
6.092759397430252284e+04
6.191759397430252284e+04
6.290759397430252284e+04
6.389759397430252284e+04
6.488759397430252284e+04
6.587759397430252284e+04
6.686759397430252284e+04
6.785759397430252284e+04
6.884759397430252284e+04
6.983759397430252284e+04
7.082759397430252284e+04
7.181759397430252284e+04
7.280759397430252284e+04
7.379759397430252284e+04
7.478759397430252284e+04
7.577759397430252284e+04
7.676759397430252284e+04
7.775759397430252284e+04
7.874759397430252284e+04
7.973759397430252284e+04
8.072759397430252284e+04
8.171759397430252284e+04
8.270759397430252284e+04
8.369759397430252284e+04
8.468759397430252284e+04
8.567759397430252284e+04
8.666759397430252284e+04
8.765759397430252284e+04
8.864759397430252284e+04
8.963759397430252284e+04
9.062759397430252284e+04
9.161759397430252284e+04
9.260759397430252284e+04
9.359759397430252284e+04
9.458759397430252284e+04
9.557759397430252284e+04
9.656759397430252284e+04
9.755759397430252284e+04
9.854759397430252284e+04
9.953759397430252284e+04
1.005275939743025228e+05
1.015175939743025228e+05
1.025075939743025228e+05
1.034975939743025228e+05
1.044875939743025228e+05
1.054775939743025228e+05
1.064675939743025228e+05
1.074575939743025228e+05
1.084475939743025228e+05
1.094375939743025228e+05
1.104275939743025228e+05
1.114175939743025228e+05
1.124075939743025228e+05
1.133975939743025228e+05
1.143875939743025228e+05
1.153775939743025228e+05
1.163675939743025228e+05
1.173575939743025228e+05
1.183475939743025228e+05
1.193375939743025228e+05
1.203275939743025228e+05
1.213175939743025228e+05
1.223075939743025228e+05
1.232975939743025228e+05
1.242875939743025228e+05
1.252775939743025228e+05
1.262675939743025228e+05
1.272575939743025228e+05
1.282475939743025228e+05
1.292375939743025228e+05
1.302275939743025228e+05
1.312175939743025228e+05
1.322075939743025228e+05
1.331975939743025228e+05
1.341875939743025228e+05
1.351775939743025228e+05
1.361675939743025228e+05
1.371575939743025228e+05
1.381475939743025228e+05
1.391375939743025228e+05
1.401275939743025228e+05
1.411175939743025228e+05
1.421075939743025228e+05
1.430975939743025228e+05
1.440875939743025228e+05
1.450775939743025228e+05
1.460675939743025228e+05
1.470575939743025228e+05
1.480475939743025228e+05
1.490375939743025228e+05
1.500275939743025228e+05
1.510175939743025228e+05
1.520075939743025228e+05
1.529975939743025228e+05
1.539875939743025228e+05
1.549775939743025228e+05
1.559675939743025228e+05
1.569575939743025228e+05
