-1.814323400553219952e+06
-1.799323400553219952e+06
-1.784323400553219952e+06
-1.769323400553219952e+06
-1.754323400553219952e+06
-1.739323400553219952e+06
-1.724323400553219952e+06
-1.709323400553219952e+06
-1.694323400553219952e+06
-1.679323400553219952e+06
-1.664323400553219952e+06
-1.649323400553219952e+06
-1.634323400553219952e+06
-1.619323400553219952e+06
-1.604323400553219952e+06
-1.589323400553219952e+06
-1.574323400553219952e+06
-1.559323400553219952e+06
-1.544323400553219952e+06
-1.529323400553219952e+06
-1.514323400553219952e+06
-1.499323400553219952e+06
-1.484323400553219952e+06
-1.469323400553219952e+06
-1.454323400553219952e+06
-1.439323400553219952e+06
-1.424323400553219952e+06
-1.409323400553219952e+06
-1.394323400553219952e+06
-1.379323400553219952e+06
-1.364323400553219952e+06
-1.349323400553219952e+06
-1.334323400553219952e+06
-1.319323400553219952e+06
-1.304323400553219952e+06
-1.289323400553219952e+06
-1.274323400553219952e+06
-1.259323400553219952e+06
-1.244323400553219952e+06
-1.229323400553219952e+06
-1.214323400553219952e+06
-1.199323400553219952e+06
-1.184323400553219952e+06
-1.169323400553219952e+06
-1.154323400553219952e+06
-1.139323400553219952e+06
-1.124323400553219952e+06
-1.109323400553219952e+06
-1.094323400553219952e+06
-1.079323400553219952e+06
-1.064323400553219952e+06
-1.049323400553219952e+06
-1.034323400553219952e+06
-1.019323400553219952e+06
-1.004323400553219952e+06
-9.893234005532199517e+05
-9.743234005532199517e+05
-9.593234005532199517e+05
-9.443234005532199517e+05
-9.293234005532199517e+05
-9.143234005532199517e+05
-8.993234005532199517e+05
-8.843234005532199517e+05
-8.693234005532199517e+05
-8.543234005532199517e+05
-8.393234005532199517e+05
-8.243234005532199517e+05
-8.093234005532199517e+05
-7.943234005532199517e+05
-7.793234005532199517e+05
-7.643234005532199517e+05
-7.493234005532199517e+05
-7.343234005532199517e+05
-7.193234005532199517e+05
-7.043234005532199517e+05
-6.893234005532199517e+05
-6.743234005532199517e+05
-6.593234005532199517e+05
-6.443234005532199517e+05
-6.293234005532199517e+05
-6.143234005532199517e+05
-5.993234005532199517e+05
-5.843234005532199517e+05
-5.693234005532199517e+05
-5.543234005532199517e+05
-5.393234005532199517e+05
-5.243234005532199517e+05
-5.093234005532199517e+05
-4.943234005532199517e+05
-4.793234005532199517e+05
-4.643234005532199517e+05
-4.493234005532199517e+05
-4.343234005532199517e+05
-4.193234005532199517e+05
-4.043234005532199517e+05
-3.893234005532199517e+05
-3.743234005532199517e+05
-3.593234005532199517e+05
-3.443234005532199517e+05
-3.293234005532199517e+05
-3.143234005532199517e+05
-2.993234005532199517e+05
-2.843234005532199517e+05
-2.693234005532199517e+05
-2.543234005532199517e+05
-2.393234005532199517e+05
-2.243234005532199517e+05
-2.093234005532199517e+05
-1.943234005532199517e+05
-1.793234005532199517e+05
-1.643234005532199517e+05
-1.493234005532199517e+05
-1.343234005532199517e+05
-1.193234005532199517e+05
-1.043234005532199517e+05
-8.932340055321995169e+04
-7.432340055321995169e+04
-5.932340055321995169e+04
-4.432340055321995169e+04
-2.932340055321995169e+04
-1.432340055321995169e+04
6.765994467800483108e+02
1.567659944678004831e+04
3.067659944678004831e+04
4.567659944678004831e+04
6.067659944678004831e+04
7.567659944678004831e+04
9.067659944678004831e+04
1.056765994467800483e+05
1.206765994467800483e+05
1.356765994467800483e+05
1.506765994467800483e+05
1.656765994467800483e+05
1.806765994467800483e+05
1.956765994467800483e+05
2.106765994467800483e+05
2.256765994467800483e+05
2.406765994467800483e+05
