1.633148008206906525e+04 2.500000000000000000e+02
1.631258596069114537e+04 7.500000000000000000e+02
1.629777228059982735e+04 1.250000000000000000e+03
1.628321646686205531e+04 1.750000000000000000e+03
1.627389261519481261e+04 2.250000000000000000e+03
1.626564823619271010e+04 2.750000000000000000e+03
1.625794219502785745e+04 3.250000000000000000e+03
1.625000000000000000e+04 3.274243202941607251e+03
1.607196516461112697e+04 3.750000000000000000e+03
1.604572810546131768e+04 4.250000000000000000e+03
1.602436501592042987e+04 4.750000000000000000e+03
1.586965371083352147e+04 5.250000000000000000e+03
1.583538748766642493e+04 5.750000000000000000e+03
1.576850238538462690e+04 6.250000000000000000e+03
1.575000532606846900e+04 6.750000000000000000e+03
1.575000000000000000e+04 6.750013316620774276e+03
1.554143551431016385e+04 7.250000000000000000e+03
1.552420642425882033e+04 7.750000000000000000e+03
1.535506789481792657e+04 8.250000000000000000e+03
1.532775056655599474e+04 8.750000000000000000e+03
1.527863642183937918e+04 9.250000000000000000e+03
1.525000486882050427e+04 9.750000000000000000e+03
1.525000000000000000e+04 9.750008930367839639e+03
1.502110714493474916e+04 1.025000000000000000e+04
1.484855370898056026e+04 1.075000000000000000e+04
1.478841308929466686e+04 1.125000000000000000e+04
1.475053453643957801e+04 1.175000000000000000e+04
1.475000000000000000e+04 1.175089146728458036e+04
1.451067039562361970e+04 1.225000000000000000e+04
1.429221418163362250e+04 1.275000000000000000e+04
1.425039395847030028e+04 1.325000000000000000e+04
1.425000000000000000e+04 1.325072050011814827e+04
1.400000604248947457e+04 1.375000000000000000e+04
1.375005221748240729e+04 1.425000000000000000e+04
1.375000000000000000e+04 1.425010128220501792e+04
1.350684589938003774e+04 1.475000000000000000e+04
1.325000000000000000e+04 1.506179526440726113e+04
1.309488665966432927e+04 1.525000000000000000e+04
1.301138285851253204e+04 1.575000000000000000e+04
1.276499087910404160e+04 1.625000000000000000e+04
1.275005356885429865e+04 1.675000000000000000e+04
1.275000000000000000e+04 1.675010080252276384e+04
1.232249115637390059e+04 1.725000000000000000e+04
1.225001171512979636e+04 1.775000000000000000e+04
1.225000000000000000e+04 1.775002187551093812e+04
1.181152833774453029e+04 1.825000000000000000e+04
1.175111282488274628e+04 1.875000000000000000e+04
1.175000000000000000e+04 1.875217040348837327e+04
1.125005534797084329e+04 1.925000000000000000e+04
1.125000000000000000e+04 1.925005603741221785e+04
1.100194153934074529e+04 1.975000000000000000e+04
1.075955950666212811e+04 2.025000000000000000e+04
1.075000000000000000e+04 2.026728257108456455e+04
1.037311840580522767e+04 2.075000000000000000e+04
1.025338721381375217e+04 2.125000000000000000e+04
1.025000000000000000e+04 2.125706568553154284e+04
1.001485155038620360e+04 2.175000000000000000e+04
9.891155859258615237e+03 2.225000000000000000e+04
9.765058136241283137e+03 2.275000000000000000e+04
9.750000000000000000e+03 2.276364753283046957e+04
9.250000000000000000e+03 2.283914640294254787e+04
8.750000000000000000e+03 2.300925436016684398e+04
8.250000000000000000e+03 2.311943079516174839e+04
8.133905972173202827e+03 2.325000000000000000e+04
8.025633238084014010e+03 2.375000000000000000e+04
8.004056535862246164e+03 2.425000000000000000e+04
7.828767567874861925e+03 2.475000000000000000e+04
7.750000000000000000e+03 2.486190953459436787e+04
7.402175859281062003e+03 2.525000000000000000e+04
7.250000000000000000e+03 2.539547952752579295e+04
6.750000000000000000e+03 2.537044640831391735e+04
6.280392927246364707e+03 2.575000000000000000e+04
6.250000000000000000e+03 2.578595073977247011e+04
5.902319439481919289e+03 2.625000000000000000e+04
5.802844942318331960e+03 2.675000000000000000e+04
5.750000000000000000e+03 2.679258558392383929e+04
5.276193219356576265e+03 2.725000000000000000e+04
5.250000000000000000e+03 2.726335720319487154e+04
4.750000000000000000e+03 2.751302520635014298e+04
4.253898137351204241e+03 2.775000000000000000e+04
4.250000000000000000e+03 2.775217722620659697e+04
3.750000000000000000e+03 2.803518067183332460e+04
3.511270295866893321e+03 2.825000000000000000e+04
3.250000000000000000e+03 2.851082390876800491e+04
2.750005037365552653e+03 2.875000000000000000e+04
2.750000000000000000e+03 2.875000541372262160e+04
2.250000000000000000e+03 2.902613423551902451e+04
2.026136232528567689e+03 2.925000000000000000e+04
1.750000000000000000e+03 2.952266422659791351e+04
1.250002930970637408e+03 2.975000000000000000e+04
1.250000000000000000e+03 2.975000294552037303e+04
7.500017242112595568e+02 3.025000000000000000e+04
7.500000000000000000e+02 3.025000187688451115e+04
2.532846970231265402e+02 3.075000000000000000e+04
2.500000000000000000e+02 3.075319064174012601e+04
-2.500000000000000000e+02 3.089715588611086787e+04
-6.196793215047484864e+02 3.125000000000000000e+04
-7.500000000000000000e+02 3.135590631445261170e+04
-1.178224618916035070e+03 3.175000000000000000e+04
-1.250000000000000000e+03 3.180719908985503935e+04
-1.741809290064795505e+03 3.225000000000000000e+04
-1.750000000000000000e+03 3.225425468316041952e+04
-2.250000000000000000e+03 3.232854818842041641e+04
-2.733841790195752765e+03 3.275000000000000000e+04
-2.750000000000000000e+03 3.275843994966835089e+04
-3.250000000000000000e+03 3.284679472158875433e+04
-3.731279455735321790e+03 3.325000000000000000e+04
-3.750000000000000000e+03 3.325987979301802989e+04
-4.250000000000000000e+03 3.334813804360057838e+04
-4.750000000000000000e+03 3.342098716759119998e+04
-5.193404440899415022e+03 3.375000000000000000e+04
-5.250000000000000000e+03 3.379524307894741651e+04
-5.750000000000000000e+03 3.385955729465706827e+04
-6.249878632148312136e+03 3.425000000000000000e+04
-6.250000000000000000e+03 3.425006212840803346e+04
-6.750000000000000000e+03 3.428355192777308548e+04
-7.250000000000000000e+03 3.438941428109257686e+04
-7.749889586818151656e+03 3.475000000000000000e+04
-7.750000000000000000e+03 3.475005087711346278e+04
-8.250000000000000000e+03 3.478753528945588914e+04
-8.750000000000000000e+03 3.488796132538047823e+04
-9.250000000000000000e+03 3.504402908327469049e+04
-9.750000000000000000e+03 3.507666126369677659e+04
-1.025000000000000000e+04 3.528186498838946864e+04
-1.075000000000000000e+04 3.530832341076961893e+04
-1.125000000000000000e+04 3.537868861038355681e+04
-1.175000000000000000e+04 3.552915927325395023e+04
-1.225000000000000000e+04 3.558277185227088921e+04
-1.275000000000000000e+04 3.577634785959988221e+04
-1.325000000000000000e+04 3.580180012307620200e+04
-1.375000000000000000e+04 3.585900658062206639e+04
-1.425000000000000000e+04 3.589245959392482473e+04
-1.475000000000000000e+04 3.592528587096822594e+04
-1.525000000000000000e+04 3.604732141701720684e+04
-1.575000000000000000e+04 3.606092772513454838e+04
-1.625000000000000000e+04 3.607497645414378349e+04
-1.675000000000000000e+04 3.625186477572275908e+04
-1.725000000000000000e+04 3.626034527262278425e+04
-1.775000000000000000e+04 3.626802325071101222e+04
-1.825000000000000000e+04 3.627298181626120640e+04
-1.875000000000000000e+04 3.627605507507984294e+04
-1.925000000000000000e+04 3.627432586886098579e+04
-1.975000000000000000e+04 3.626901164061923191e+04
-2.025000000000000000e+04 3.625879532656850643e+04
-2.075000000000000000e+04 3.625007577940902411e+04
-2.125000000000000000e+04 3.605361699893144396e+04
-2.175000000000000000e+04 3.603941103483243933e+04
-2.225000000000000000e+04 3.602975277107688453e+04
-2.275000000000000000e+04 3.588589547886452783e+04
-2.325000000000000000e+04 3.586049064471866586e+04
-2.375000000000000000e+04 3.582247060963630793e+04
-2.425000000000000000e+04 3.578919909659839323e+04
-2.475000000000000000e+04 3.575132666882554622e+04
-2.525000000000000000e+04 3.555918273488696286e+04
-2.575000000000000000e+04 3.541877787127701595e+04
-2.625000000000000000e+04 3.537530788577226485e+04
-2.675000000000000000e+04 3.531925795914320770e+04
-2.725000000000000000e+04 3.525615352822926798e+04
-2.775000000000000000e+04 3.504378076990898990e+04
-2.825000000000000000e+04 3.487394649159341498e+04
-2.875000000000000000e+04 3.481194006333308789e+04
-2.925000000000000000e+04 3.475747881047773990e+04
-2.926025014097366875e+04 3.475000000000000000e+04
-2.975000000000000000e+04 3.453990133779888129e+04
-3.025000000000000000e+04 3.434952769219463516e+04
-3.075000000000000000e+04 3.426522008305494819e+04
-3.125000000000000000e+04 3.425080924584537570e+04
-3.125176566106156679e+04 3.425000000000000000e+04
-3.175000000000000000e+04 3.385587823989960452e+04
-3.225000000000000000e+04 3.380881796765013860e+04
-3.232279374345988981e+04 3.375000000000000000e+04
-3.275000000000000000e+04 3.339600280312191171e+04
-3.325000000000000000e+04 3.328851715617072477e+04
-3.375000000000000000e+04 3.325126345144107472e+04
-3.375147141102759633e+04 3.325000000000000000e+04
-3.425000000000000000e+04 3.285096388635239418e+04
-3.475000000000000000e+04 3.276508691449119578e+04
-3.476791802175901830e+04 3.275000000000000000e+04
-3.525000000000000000e+04 3.253777051480749651e+04
-3.575000000000000000e+04 3.233229011822192479e+04
-3.625000000000000000e+04 3.230420833185346055e+04
-3.632451730582657910e+04 3.225000000000000000e+04
-3.675000000000000000e+04 3.187453353367846648e+04
-3.725000000000000000e+04 3.185272800611280036e+04
-3.736392934451116889e+04 3.175000000000000000e+04
-3.740310514369707380e+04 3.125000000000000000e+04
-3.775000000000000000e+04 3.078137660480025079e+04
-3.778088252335610014e+04 3.075000000000000000e+04
-3.779441790599386877e+04 3.025000000000000000e+04
-3.825000000000000000e+04 3.002407419009866499e+04
-3.875000000000000000e+04 2.975842482063206990e+04
-3.875831643958637142e+04 2.975000000000000000e+04
-3.925000000000000000e+04 2.958727544284503892e+04
-3.975000000000000000e+04 2.950632902194744020e+04
-4.025000000000000000e+04 2.942320568553495468e+04
-4.075000000000000000e+04 2.925158973660817719e+04
-4.075325162703698152e+04 2.925000000000000000e+04
-4.125000000000000000e+04 2.885917431236815537e+04
-4.142305445850017713e+04 2.875000000000000000e+04
-4.175000000000000000e+04 2.834230929051952262e+04
-4.182575828197781084e+04 2.825000000000000000e+04
-4.176022416056653310e+04 2.775000000000000000e+04
-4.225000000000000000e+04 2.725066945366401342e+04
-4.225066040579925175e+04 2.725000000000000000e+04
-4.275000000000000000e+04 2.675094378568126194e+04
-4.275081066979216121e+04 2.675000000000000000e+04
-4.325000000000000000e+04 2.625959709609576748e+04
-4.325872574340210122e+04 2.625000000000000000e+04
-4.375000000000000000e+04 2.612179858122388760e+04
-4.425000000000000000e+04 2.577488991600581357e+04
-4.475000000000000000e+04 2.575118024246691857e+04
-4.475139543279414647e+04 2.575000000000000000e+04
-4.525000000000000000e+04 2.528914839322217085e+04
-4.528418702527014102e+04 2.525000000000000000e+04
-4.559531898589964112e+04 2.475000000000000000e+04
-4.575000000000000000e+04 2.425431851458280653e+04
-4.575389654928269738e+04 2.425000000000000000e+04
-4.604958695393400558e+04 2.375000000000000000e+04
-4.625000000000000000e+04 2.348096462956735922e+04
-4.651919835348828201e+04 2.325000000000000000e+04
-4.675000000000000000e+04 2.309672047200615998e+04
-4.725000000000000000e+04 2.301029459466998378e+04
-4.758850201418576034e+04 2.275000000000000000e+04
-4.775000000000000000e+04 2.260159439601166378e+04
-4.809883394561293971e+04 2.225000000000000000e+04
-4.825000000000000000e+04 2.208434423270152547e+04
-4.851015389509950182e+04 2.175000000000000000e+04
-4.875000000000000000e+04 2.125130891761620660e+04
-4.875125267846231873e+04 2.125000000000000000e+04
-4.908773040807418147e+04 2.075000000000000000e+04
-4.925000000000000000e+04 2.058564511566719739e+04
-4.952269472935936210e+04 2.025000000000000000e+04
-4.975000000000000000e+04 1.993733327807119713e+04
-4.993603727447248093e+04 1.975000000000000000e+04
-5.008951691560050676e+04 1.925000000000000000e+04
-5.025000000000000000e+04 1.908537785313365021e+04
-5.058400915439525852e+04 1.875000000000000000e+04
-5.075000000000000000e+04 1.825173149521317464e+04
-5.075110233736210648e+04 1.825000000000000000e+04
-5.108769935873385839e+04 1.775000000000000000e+04
-5.125000000000000000e+04 1.725684778377730981e+04
-5.125756431183515087e+04 1.725000000000000000e+04
-5.158596637014999578e+04 1.675000000000000000e+04
-5.175000000000000000e+04 1.626699590233695017e+04
-5.177011099260239280e+04 1.625000000000000000e+04
-5.209208559404902189e+04 1.575000000000000000e+04
-5.225000000000000000e+04 1.526564434539001559e+04
-5.226770278895630327e+04 1.525000000000000000e+04
-5.259521574881614652e+04 1.475000000000000000e+04
-5.275000000000000000e+04 1.426272387663200061e+04
-5.276345303168567625e+04 1.425000000000000000e+04
-5.310899010560909664e+04 1.375000000000000000e+04
-5.325000000000000000e+04 1.327356332028663201e+04
-5.327567539407483855e+04 1.325000000000000000e+04
-5.333508635996455996e+04 1.275000000000000000e+04
-5.375000000000000000e+04 1.230690603322872994e+04
-5.381936387140190345e+04 1.225000000000000000e+04
-5.385529228095000872e+04 1.175000000000000000e+04
-5.425000000000000000e+04 1.137293756242971722e+04
-5.437481813420241087e+04 1.125000000000000000e+04
-5.445596197648110683e+04 1.075000000000000000e+04
-5.475000000000000000e+04 1.035466480663762377e+04
-5.481419368387442955e+04 1.025000000000000000e+04
-5.489702052954771352e+04 9.750000000000000000e+03
-5.495077647024481848e+04 9.250000000000000000e+03
-5.525000000000000000e+04 8.753561529075635917e+03
-5.525239944525693863e+04 8.750000000000000000e+03
-5.530807462959327677e+04 8.250000000000000000e+03
-5.536446708501449757e+04 7.750000000000000000e+03
-5.542255020310654072e+04 7.250000000000000000e+03
-5.575000000000000000e+04 6.750559055111487396e+03
-5.575024673941281071e+04 6.750000000000000000e+03
-5.577598202741838759e+04 6.250000000000000000e+03
-5.582389235212386848e+04 5.750000000000000000e+03
-5.587053201863475260e+04 5.250000000000000000e+03
-5.592379570477810921e+04 4.750000000000000000e+03
-5.625000000000000000e+04 4.250008617976088317e+03
-5.625000370831989130e+04 4.250000000000000000e+03
-5.625701167781656113e+04 3.750000000000000000e+03
-5.629385812459466251e+04 3.250000000000000000e+03
-5.632132455915907485e+04 2.750000000000000000e+03
-5.634351347710441041e+04 2.250000000000000000e+03
-5.635518614110867929e+04 1.750000000000000000e+03
-5.637869794663458742e+04 1.250000000000000000e+03
-5.639910506981542130e+04 7.500000000000000000e+02
-5.641048329573508818e+04 2.500000000000000000e+02
