4.159206078089771381e+02
1.541592060780897191e+04
3.041592060780896645e+04
4.541592060780896281e+04
6.041592060780895554e+04
7.541592060780894826e+04
9.041592060780894826e+04
1.054159206078089337e+05
1.204159206078089337e+05
1.354159206078089192e+05
1.504159206078089192e+05
1.654159206078089192e+05
1.804159206078089192e+05
1.954159206078089192e+05
2.104159206078088901e+05
2.254159206078088901e+05
2.404159206078088901e+05
2.554159206078088901e+05
2.704159206078088610e+05
2.854159206078088610e+05
3.004159206078088610e+05
3.154159206078088610e+05
3.304159206078088610e+05
3.454159206078088610e+05
3.604159206078088610e+05
3.754159206078088610e+05
3.904159206078088610e+05
4.054159206078088027e+05
4.204159206078088027e+05
4.354159206078088027e+05
4.504159206078088027e+05
4.654159206078088027e+05
4.804159206078088027e+05
4.954159206078088027e+05
5.104159206078088027e+05
5.254159206078087445e+05
5.404159206078087445e+05
5.554159206078087445e+05
5.704159206078087445e+05
5.854159206078087445e+05
6.004159206078087445e+05
6.154159206078087445e+05
6.304159206078087445e+05
6.454159206078087445e+05
6.604159206078087445e+05
6.754159206078087445e+05
6.904159206078087445e+05
7.054159206078087445e+05
7.204159206078087445e+05
7.354159206078087445e+05
7.504159206078087445e+05
7.654159206078087445e+05
7.804159206078087445e+05
7.954159206078087445e+05
8.104159206078086281e+05
8.254159206078086281e+05
8.404159206078086281e+05
8.554159206078086281e+05
8.704159206078086281e+05
8.854159206078086281e+05
9.004159206078086281e+05
9.154159206078086281e+05
9.304159206078086281e+05
9.454159206078086281e+05
9.604159206078086281e+05
9.754159206078086281e+05
9.904159206078086281e+05
1.005415920607808628e+06
1.020415920607808628e+06
1.035415920607808628e+06
1.050415920607808512e+06
1.065415920607808512e+06
1.080415920607808512e+06
1.095415920607808512e+06
1.110415920607808512e+06
1.125415920607808512e+06
1.140415920607808512e+06
1.155415920607808512e+06
1.170415920607808512e+06
1.185415920607808512e+06
1.200415920607808512e+06
1.215415920607808512e+06
1.230415920607808512e+06
1.245415920607808512e+06
1.260415920607808512e+06
1.275415920607808512e+06
1.290415920607808512e+06
1.305415920607808512e+06
1.320415920607808512e+06
1.335415920607808512e+06
1.350415920607808512e+06
1.365415920607808512e+06
1.380415920607808512e+06
1.395415920607808512e+06
1.410415920607808512e+06
1.425415920607808512e+06
1.440415920607808512e+06
1.455415920607808512e+06
1.470415920607808512e+06
1.485415920607808512e+06
1.500415920607808512e+06
1.515415920607808512e+06
1.530415920607808512e+06
1.545415920607808512e+06
1.560415920607808512e+06
1.575415920607808512e+06
1.590415920607808512e+06
1.605415920607808279e+06
1.620415920607808279e+06
1.635415920607808279e+06
1.650415920607808279e+06
1.665415920607808279e+06
1.680415920607808279e+06
1.695415920607808279e+06
1.710415920607808279e+06
1.725415920607808279e+06
1.740415920607808279e+06
1.755415920607808279e+06
1.770415920607808279e+06
1.785415920607808279e+06
1.800415920607808279e+06
1.815415920607808279e+06
