8.008916855448364913e+03 2.500000000000000000e+02
7.917097749368724180e+03 7.500000000000000000e+02
7.770015086530254848e+03 1.250000000000000000e+03
7.751172829660089519e+03 1.750000000000000000e+03
7.750000000000000000e+03 1.751472435750472869e+03
7.357321067807435611e+03 2.250000000000000000e+03
7.252513431171077173e+03 2.750000000000000000e+03
7.250000000000000000e+03 2.757467824040087180e+03
7.004870407377044103e+03 3.250000000000000000e+03
6.861400853050086880e+03 3.750000000000000000e+03
6.805675064221668435e+03 4.250000000000000000e+03
6.800518136575936296e+03 4.750000000000000000e+03
6.806107876929920167e+03 5.250000000000000000e+03
6.752154268035466885e+03 5.750000000000000000e+03
6.750000000000000000e+03 5.765273528472246653e+03
6.589762526762191555e+03 6.250000000000000000e+03
6.507449065054161110e+03 6.750000000000000000e+03
6.437629929569491651e+03 7.250000000000000000e+03
6.250992488271420370e+03 7.750000000000000000e+03
6.250000000000000000e+03 7.752011722264337550e+03
6.035514278127790931e+03 8.250000000000000000e+03
5.752483913927690992e+03 8.750000000000000000e+03
5.755617673578207359e+03 9.250000000000000000e+03
5.750000000000000000e+03 9.259618492417850575e+03
5.570524896249469748e+03 9.750000000000000000e+03
5.530807223581093240e+03 1.025000000000000000e+04
5.375893848093748602e+03 1.075000000000000000e+04
5.269397719821712599e+03 1.125000000000000000e+04
5.250855707839590650e+03 1.175000000000000000e+04
5.250000000000000000e+03 1.175228151023210376e+04
5.005452576927973496e+03 1.225000000000000000e+04
4.756514286021716543e+03 1.275000000000000000e+04
4.750000000000000000e+03 1.276188831833977383e+04
4.512363978549780768e+03 1.325000000000000000e+04
4.262131345843698909e+03 1.375000000000000000e+04
4.250000000000000000e+03 1.376564369896183962e+04
3.876347759858246263e+03 1.425000000000000000e+04
3.778429910069623929e+03 1.475000000000000000e+04
3.750130522607019429e+03 1.525000000000000000e+04
3.750000000000000000e+03 1.525026425691573786e+04
3.283043935634551872e+03 1.575000000000000000e+04
3.250000000000000000e+03 1.578670533746062574e+04
2.872189048985862883e+03 1.625000000000000000e+04
2.764979140936623025e+03 1.675000000000000000e+04
2.750000000000000000e+03 1.677900520654278807e+04
2.504082664121784546e+03 1.725000000000000000e+04
2.250249178135369675e+03 1.775000000000000000e+04
2.250000000000000000e+03 1.775048881691560018e+04
1.827927717976051554e+03 1.825000000000000000e+04
1.750000000000000000e+03 1.836577444649068275e+04
1.270765735773374900e+03 1.875000000000000000e+04
1.250000000000000000e+03 1.875817370426142224e+04
7.523389005474007263e+02 1.925000000000000000e+04
7.500000000000000000e+02 1.925373752778489506e+04
3.612029207267090669e+02 1.975000000000000000e+04
2.986306507688044576e+02 2.025000000000000000e+04
2.521075502891328028e+02 2.075000000000000000e+04
2.500000000000000000e+02 2.075455405861668260e+04
-2.500000000000000000e+02 2.089330394552590224e+04
-7.259040077990227928e+02 2.125000000000000000e+04
-7.500000000000000000e+02 2.126334538612540200e+04
-1.242081888176586517e+03 2.175000000000000000e+04
-1.250000000000000000e+03 2.176490421717505160e+04
-1.619567983283941658e+03 2.225000000000000000e+04
-1.750000000000000000e+03 2.240652651804930792e+04
-2.215994578937569713e+03 2.275000000000000000e+04
-2.250000000000000000e+03 2.277521339291881668e+04
-2.740158932335144073e+03 2.325000000000000000e+04
-2.750000000000000000e+03 2.325983174346930173e+04
-3.245474915255450014e+03 2.375000000000000000e+04
-3.250000000000000000e+03 2.375448434136068317e+04
-3.749575639333043000e+03 2.425000000000000000e+04
-3.750000000000000000e+03 2.425021684904773792e+04
-4.250000000000000000e+03 2.450431692547323109e+04
-4.735597165499951188e+03 2.475000000000000000e+04
-4.750000000000000000e+03 2.476406118769514069e+04
-5.245168376177090067e+03 2.525000000000000000e+04
-5.250000000000000000e+03 2.525479109733831865e+04
-5.750000000000000000e+03 2.550770015929174406e+04
-6.237862850748269921e+03 2.575000000000000000e+04
-6.250000000000000000e+03 2.576159482369307079e+04
-6.748789709580678391e+03 2.625000000000000000e+04
-6.750000000000000000e+03 2.625120395635091336e+04
-7.250000000000000000e+03 2.652611497298247923e+04
-7.736018388102974313e+03 2.675000000000000000e+04
-7.750000000000000000e+03 2.676185547265924833e+04
-8.247810208230377611e+03 2.725000000000000000e+04
-8.250000000000000000e+03 2.725212419030959791e+04
-8.749138235272183010e+03 2.775000000000000000e+04
-8.750000000000000000e+03 2.775045056882383869e+04
-9.250000000000000000e+03 2.778838979810584351e+04
-9.748366823164538800e+03 2.825000000000000000e+04
-9.750000000000000000e+03 2.825161874578000061e+04
-1.025000000000000000e+04 2.851847709860348186e+04
-1.074419903056332987e+04 2.875000000000000000e+04
-1.075000000000000000e+04 2.875505396507674232e+04
-1.124857940844862424e+04 2.925000000000000000e+04
-1.125000000000000000e+04 2.925074023823101743e+04
-1.175000000000000000e+04 2.931938394133203110e+04
-1.224883778697276830e+04 2.975000000000000000e+04
-1.225000000000000000e+04 2.975063454517724313e+04
-1.275000000000000000e+04 3.000110528467600307e+04
-1.324908255389696023e+04 3.025000000000000000e+04
-1.325000000000000000e+04 3.025049843154364498e+04
-1.375000000000000000e+04 3.050208540645296671e+04
-1.424872367448475234e+04 3.075000000000000000e+04
-1.425000000000000000e+04 3.075066112458619318e+04
-1.475000000000000000e+04 3.100031425710866097e+04
-1.524997527574265405e+04 3.125000000000000000e+04
-1.525000000000000000e+04 3.125001234693049628e+04
-1.575000000000000000e+04 3.125779224993611206e+04
-1.625000000000000000e+04 3.150583487721501660e+04
-1.675000000000000000e+04 3.157194033075970583e+04
-1.718268226320428948e+04 3.175000000000000000e+04
-1.725000000000000000e+04 3.179592613645422171e+04
-1.775000000000000000e+04 3.190646445343068990e+04
-1.825000000000000000e+04 3.208928494760532703e+04
-1.863696619143906355e+04 3.225000000000000000e+04
-1.875000000000000000e+04 3.229606559925231340e+04
-1.925000000000000000e+04 3.242331319547820749e+04
-1.975000000000000000e+04 3.258852161663592778e+04
-2.013854925083739727e+04 3.275000000000000000e+04
-2.025000000000000000e+04 3.279617853527436819e+04
-2.075000000000000000e+04 3.290216302810988418e+04
-2.125000000000000000e+04 3.306136092901355732e+04
-2.175000000000000000e+04 3.326734207272973435e+04
-2.225000000000000000e+04 3.335147397444343369e+04
-2.275000000000000000e+04 3.341376873305977642e+04
-2.325000000000000000e+04 3.355686713597782364e+04
-2.375000000000000000e+04 3.375701772897223418e+04
-2.425000000000000000e+04 3.379239578510185675e+04
-2.475000000000000000e+04 3.385858514745986031e+04
-2.525000000000000000e+04 3.390793548928063683e+04
-2.575000000000000000e+04 3.404119759857113240e+04
-2.625000000000000000e+04 3.407099705990020448e+04
-2.675000000000000000e+04 3.425971317041160364e+04
-2.725000000000000000e+04 3.428320540430978144e+04
-2.775000000000000000e+04 3.430101761173080740e+04
-2.825000000000000000e+04 3.434869625918511156e+04
-2.875000000000000000e+04 3.436953655591230199e+04
-2.925000000000000000e+04 3.438918892598196544e+04
-2.975000000000000000e+04 3.440595496336225915e+04
-3.025000000000000000e+04 3.442069700346920581e+04
-3.075000000000000000e+04 3.453840049776885280e+04
-3.125000000000000000e+04 3.454437968102487503e+04
-3.175000000000000000e+04 3.454817552407429321e+04
-3.225000000000000000e+04 3.454883115852237097e+04
-3.275000000000000000e+04 3.454720181702023547e+04
-3.325000000000000000e+04 3.454266576607852039e+04
-3.375000000000000000e+04 3.453631742804963869e+04
-3.425000000000000000e+04 3.441636649296299584e+04
-3.475000000000000000e+04 3.440283360025595903e+04
-3.525000000000000000e+04 3.438527861532915267e+04
-3.575000000000000000e+04 3.436118127470647596e+04
-3.625000000000000000e+04 3.433360174422513956e+04
-3.675000000000000000e+04 3.430303152206500090e+04
-3.725000000000000000e+04 3.426098588523429498e+04
-3.775000000000000000e+04 3.425020436142830295e+04
-3.825000000000000000e+04 3.404974287371392711e+04
-3.875000000000000000e+04 3.403767323709354241e+04
-3.925000000000000000e+04 3.387629984317199705e+04
-3.975000000000000000e+04 3.383221922045919928e+04
-4.025000000000000000e+04 3.378933213596051792e+04
-4.075000000000000000e+04 3.375116954642024211e+04
-4.125000000000000000e+04 3.354647663726396422e+04
-4.175000000000000000e+04 3.338450043457015272e+04
-4.225000000000000000e+04 3.333503603594093147e+04
-4.275000000000000000e+04 3.328174570081179263e+04
-4.325000000000000000e+04 3.325060816429879196e+04
-4.375000000000000000e+04 3.291246669835427019e+04
-4.425000000000000000e+04 3.283646873410812259e+04
-4.475000000000000000e+04 3.275976915096513403e+04
-4.476360110390977934e+04 3.275000000000000000e+04
-4.525000000000000000e+04 3.254250928860752538e+04
-4.575000000000000000e+04 3.232194602617313649e+04
-4.625000000000000000e+04 3.225643276381256510e+04
-4.625783048267820413e+04 3.225000000000000000e+04
-4.675000000000000000e+04 3.186386438138148515e+04
-4.725000000000000000e+04 3.176496274798905142e+04
-4.726996162792722316e+04 3.175000000000000000e+04
-4.775000000000000000e+04 3.153974914254010218e+04
-4.825000000000000000e+04 3.128948677555521499e+04
-4.875000000000000000e+04 3.125079555891783457e+04
-4.875148733734105190e+04 3.125000000000000000e+04
-4.925000000000000000e+04 3.083362558880660799e+04
-4.975000000000000000e+04 3.078924226599928807e+04
-4.979486055301247688e+04 3.075000000000000000e+04
-5.025000000000000000e+04 3.040007252529327161e+04
-5.075000000000000000e+04 3.032241178424532336e+04
-5.084310736066742538e+04 3.025000000000000000e+04
-5.125000000000000000e+04 2.989142450250495313e+04
-5.142345375660585705e+04 2.975000000000000000e+04
-5.175000000000000000e+04 2.938834173004196418e+04
-5.186455925017876143e+04 2.925000000000000000e+04
-5.182033079818526312e+04 2.875000000000000000e+04
-5.225000000000000000e+04 2.832894343516732624e+04
-5.275000000000000000e+04 2.825099571183841181e+04
-5.275088584977997380e+04 2.825000000000000000e+04
-5.325000000000000000e+04 2.809572641613535234e+04
-5.375000000000000000e+04 2.793364626919773218e+04
-5.400283840291755769e+04 2.775000000000000000e+04
-5.425000000000000000e+04 2.759011255079285911e+04
-5.475000000000000000e+04 2.742634828436147654e+04
-5.525000000000000000e+04 2.725320679102557551e+04
-5.525949299501368660e+04 2.725000000000000000e+04
-5.575000000000000000e+04 2.686575480918249377e+04
-5.590623225289572292e+04 2.675000000000000000e+04
-5.625000000000000000e+04 2.641323206151925842e+04
-5.640514449480691110e+04 2.625000000000000000e+04
-5.634619084954461869e+04 2.575000000000000000e+04
-5.636361360264627729e+04 2.525000000000000000e+04
-5.675000000000000000e+04 2.512081019599614228e+04
-5.725000000000000000e+04 2.475881785907308949e+04
-5.725827192930133606e+04 2.475000000000000000e+04
-5.775000000000000000e+04 2.458866076379036895e+04
-5.825000000000000000e+04 2.425454259953378278e+04
-5.825405444332878687e+04 2.425000000000000000e+04
-5.875000000000000000e+04 2.393096930407726541e+04
-5.892955305723346100e+04 2.375000000000000000e+04
-5.925000000000000000e+04 2.342160066551762793e+04
-5.975000000000000000e+04 2.325350754846594282e+04
-5.975484600858689373e+04 2.325000000000000000e+04
-6.025000000000000000e+04 2.281606419343304515e+04
-6.037921017735340865e+04 2.275000000000000000e+04
-6.045894165816647728e+04 2.225000000000000000e+04
-6.043521920524734742e+04 2.175000000000000000e+04
-6.057309450612514047e+04 2.125000000000000000e+04
-6.075000000000000000e+04 2.075551766352056075e+04
-6.075588971852805844e+04 2.075000000000000000e+04
-6.125000000000000000e+04 2.030438751619136383e+04
-6.129060702529768605e+04 2.025000000000000000e+04
-6.175000000000000000e+04 2.005815869415412089e+04
-6.203961663298964413e+04 1.975000000000000000e+04
-6.225000000000000000e+04 1.953199584369931472e+04
-6.244783385302751412e+04 1.925000000000000000e+04
-6.275000000000000000e+04 1.875458937753445571e+04
-6.275427842385969416e+04 1.875000000000000000e+04
-6.302738379990818066e+04 1.825000000000000000e+04
-6.325000000000000000e+04 1.800996329408726160e+04
-6.343533707397857506e+04 1.775000000000000000e+04
-6.375000000000000000e+04 1.725228805073903641e+04
-6.375210891112570243e+04 1.725000000000000000e+04
-6.394401169715962169e+04 1.675000000000000000e+04
-6.425000000000000000e+04 1.625457605820068420e+04
-6.425434273627946823e+04 1.625000000000000000e+04
-6.445272169868928177e+04 1.575000000000000000e+04
-6.475000000000000000e+04 1.525273171899051704e+04
-6.475259166140603338e+04 1.525000000000000000e+04
-6.494962373108773318e+04 1.475000000000000000e+04
-6.504178010208154592e+04 1.425000000000000000e+04
-6.525000000000000000e+04 1.400719690463318875e+04
-6.543999793260992737e+04 1.375000000000000000e+04
-6.552811037220413709e+04 1.325000000000000000e+04
-6.560252437776680745e+04 1.275000000000000000e+04
-6.575000000000000000e+04 1.251691405487204429e+04
-6.601276859947635967e+04 1.225000000000000000e+04
-6.602642403109886800e+04 1.175000000000000000e+04
-6.610157994456468441e+04 1.125000000000000000e+04
-6.625000000000000000e+04 1.075106974139634440e+04
-6.625097103387734387e+04 1.075000000000000000e+04
-6.630672985451790737e+04 1.025000000000000000e+04
-6.663268186566059012e+04 9.750000000000000000e+03
-6.675000000000000000e+04 9.312372128025333950e+03
-6.681450642144615995e+04 9.250000000000000000e+03
-6.678087632504539215e+04 8.750000000000000000e+03
-6.725000000000000000e+04 8.400591914800275845e+03
-6.735955819777326542e+04 8.250000000000000000e+03
-6.775000000000000000e+04 7.852413734077964364e+03
-6.781542250908607093e+04 7.750000000000000000e+03
-6.783118936475343071e+04 7.250000000000000000e+03
-6.786577921470998263e+04 6.750000000000000000e+03
-6.794893497881715302e+04 6.250000000000000000e+03
-6.796747825268872839e+04 5.750000000000000000e+03
-6.826097606302985514e+04 5.250000000000000000e+03
-6.826218014149271767e+04 4.750000000000000000e+03
-6.808235629801981850e+04 4.250000000000000000e+03
-6.825000000000000000e+04 3.750003075186954447e+03
-6.825000170961386175e+04 3.750000000000000000e+03
-6.825914828793879133e+04 3.250000000000000000e+03
-6.831086764433082135e+04 2.750000000000000000e+03
-6.834215061778434028e+04 2.250000000000000000e+03
-6.837493193735842942e+04 1.750000000000000000e+03
-6.837521549052119371e+04 1.250000000000000000e+03
-6.837608647516425117e+04 7.500000000000000000e+02
-6.838597273549909005e+04 2.500000000000000000e+02
