2.849342669985019825e+02 1.650000000000000000e+01
2.982728222190158363e+02 4.950000000000000000e+01
2.945768028439060799e+02 8.250000000000000000e+01
2.805449603965511756e+02 1.155000000000000000e+02
2.805000000000000000e+02 1.155658927418508455e+02
2.670695212892538848e+02 1.485000000000000000e+02
2.475000000000000000e+02 1.676201780837664899e+02
2.376284089782762692e+02 1.815000000000000000e+02
2.332350010273411272e+02 2.145000000000000000e+02
2.145000000000000000e+02 2.347941688781749292e+02
2.003762342657646798e+02 2.475000000000000000e+02
1.978798496423006839e+02 2.805000000000000000e+02
1.815000000000000000e+02 2.909304525498429825e+02
1.504983540055811204e+02 3.135000000000000000e+02
1.485000000000000000e+02 3.154983058332799715e+02
1.157087555065769493e+02 3.465000000000000000e+02
1.155000000000000000e+02 3.467154008018698619e+02
1.003255151198112287e+02 3.795000000000000000e+02
8.250000000000000000e+01 4.024605921809149436e+02
6.873890260108839811e+01 4.125000000000000000e+02
4.950000000000000000e+01 4.260372296557365530e+02
1.761505782613836857e+01 4.455000000000000000e+02
1.650000000000000000e+01 4.477384794795686958e+02
8.432237661475461721e+00 4.785000000000000000e+02
-2.517078048160493964e+00 5.115000000000000000e+02
-1.650000000000000000e+01 5.293151561735236328e+02
-2.847518864595730648e+01 5.445000000000000000e+02
-3.621114540653115910e+01 5.775000000000000000e+02
-4.948695096542142124e+01 6.105000000000000000e+02
-4.950000000000000000e+01 6.105159117867519853e+02
-8.250000000000000000e+01 6.353873022936413690e+02
-9.760252499416255034e+01 6.435000000000000000e+02
-1.155000000000000000e+02 6.643577850057625938e+02
-1.485000000000000000e+02 6.763587520749022133e+02
-1.487425035097379009e+02 6.765000000000000000e+02
-1.463654348791117172e+02 7.095000000000000000e+02
-1.612381615217445301e+02 7.425000000000000000e+02
-1.814999047078359808e+02 7.755000000000000000e+02
-1.815000000000000000e+02 7.755001969236767536e+02
-1.976194688897784886e+02 8.085000000000000000e+02
-2.144885420818561386e+02 8.415000000000000000e+02
-2.145000000000000000e+02 8.415066109345947325e+02
-2.475000000000000000e+02 8.593828087286386790e+02
-2.796705856870423759e+02 8.745000000000000000e+02
-2.805000000000000000e+02 8.752589100052950926e+02
-3.051093184667810192e+02 9.075000000000000000e+02
-3.135000000000000000e+02 9.146482475238287861e+02
-3.412497201667030708e+02 9.405000000000000000e+02
-3.465000000000000000e+02 9.431867383683355683e+02
-3.795000000000000000e+02 9.423069404449977355e+02
-4.124800677825101616e+02 9.735000000000000000e+02
-4.125000000000000000e+02 9.735239440035660436e+02
-4.455000000000000000e+02 9.803339506884121874e+02
-4.785000000000000000e+02 1.006958655963866022e+03
-5.115000000000000000e+02 1.006495928749681980e+03
-5.115062676792743446e+02 1.006500000000000000e+03
-5.445000000000000000e+02 1.039401127534630405e+03
-5.447398516878516830e+02 1.039500000000000000e+03
-5.775000000000000000e+02 1.072474674982792521e+03
-5.775713692977342362e+02 1.072500000000000000e+03
-5.976680310577788759e+02 1.105500000000000000e+03
-6.105000000000000000e+02 1.106555861280495265e+03
-6.435000000000000000e+02 1.109803094398278517e+03
-6.706360321226425185e+02 1.138500000000000000e+03
-6.765000000000000000e+02 1.142850482732438877e+03
-7.094883413786760684e+02 1.171500000000000000e+03
-7.095000000000000000e+02 1.171504848675500853e+03
-7.425000000000000000e+02 1.184527386059300170e+03
-7.755000000000000000e+02 1.186908986559222512e+03
-8.085000000000000000e+02 1.193203231381981141e+03
-8.194424123710655294e+02 1.204500000000000000e+03
-8.415000000000000000e+02 1.221896839629627266e+03
-8.744568347511039974e+02 1.237500000000000000e+03
-8.745000000000000000e+02 1.237544302993477459e+03
-9.075000000000000000e+02 1.254203922743857675e+03
-9.343207523272336630e+02 1.270500000000000000e+03
-9.405000000000000000e+02 1.277035215813055174e+03
-9.734964479730417679e+02 1.303500000000000000e+03
-9.735000000000000000e+02 1.303502039520145445e+03
-1.006500000000000000e+03 1.312052937685244615e+03
-1.039500000000000000e+03 1.337594118976696336e+03
-1.072500000000000000e+03 1.337928457567928263e+03
-1.105500000000000000e+03 1.354612799146162843e+03
-1.138500000000000000e+03 1.353083283532562746e+03
-1.171500000000000000e+03 1.336506879783976956e+03
-1.204500000000000000e+03 1.336518938965100006e+03
-1.237500000000000000e+03 1.339583012407320439e+03
-1.270500000000000000e+03 1.338802397544822043e+03
-1.303500000000000000e+03 1.335770148949869281e+03
-1.308627299381543025e+03 1.336500000000000000e+03
-1.336500000000000000e+03 1.340266734564478611e+03
-1.369500000000000000e+03 1.348150105475672945e+03
-1.402500000000000000e+03 1.349002639358119950e+03
-1.435500000000000000e+03 1.347249283035322378e+03
-1.468500000000000000e+03 1.355282260249076899e+03
-1.501500000000000000e+03 1.354585586363202310e+03
-1.534500000000000000e+03 1.356870808630460260e+03
-1.567500000000000000e+03 1.381630334986549542e+03
-1.600500000000000000e+03 1.389223375390493857e+03
-1.633500000000000000e+03 1.390958857638261861e+03
-1.666500000000000000e+03 1.412277749233817531e+03
-1.699500000000000000e+03 1.413986804141960192e+03
-1.732500000000000000e+03 1.415628762373393783e+03
-1.765500000000000000e+03 1.416571158141373644e+03
-1.798500000000000000e+03 1.420064906347882243e+03
-1.831500000000000000e+03 1.420244490632614315e+03
-1.864500000000000000e+03 1.419940867326970420e+03
-1.897500000000000000e+03 1.420580372401489967e+03
-1.930500000000000000e+03 1.419401586408209596e+03
-1.963500000000000000e+03 1.419619930176611433e+03
-1.996500000000000000e+03 1.436496248449753693e+03
-2.029500000000000000e+03 1.423818987843133982e+03
-2.062500000000000000e+03 1.424313966251828788e+03
-2.095500000000000000e+03 1.436226873656542239e+03
-2.128500000000000000e+03 1.416445259734039382e+03
-2.161500000000000000e+03 1.419608822010816539e+03
-2.194500000000000000e+03 1.411960460277057109e+03
-2.227500000000000000e+03 1.402510840827061429e+03
-2.260500000000000000e+03 1.403235555254238307e+03
-2.293500000000000000e+03 1.369500263107743422e+03
-2.326500000000000000e+03 1.372169062831195788e+03
-2.359500000000000000e+03 1.338370514629330046e+03
-2.392500000000000000e+03 1.336997943139296467e+03
-2.394443491809020543e+03 1.336500000000000000e+03
-2.425500000000000000e+03 1.308029790251322993e+03
-2.432186534025611763e+03 1.303500000000000000e+03
-2.458500000000000000e+03 1.280659420592309061e+03
-2.482002907494046667e+03 1.270500000000000000e+03
-2.491500000000000000e+03 1.244989473318439423e+03
-2.498613840335317491e+03 1.237500000000000000e+03
-2.524500000000000000e+03 1.231379860299749225e+03
-2.555012250796044100e+03 1.204500000000000000e+03
-2.557500000000000000e+03 1.203948060121820845e+03
-2.589277093831204638e+03 1.171500000000000000e+03
-2.590500000000000000e+03 1.171111561795981743e+03
-2.621631081324703246e+03 1.138500000000000000e+03
-2.623500000000000000e+03 1.136661928680859319e+03
-2.647002338780952414e+03 1.105500000000000000e+03
-2.656500000000000000e+03 1.097436209395087189e+03
-2.689436660156000016e+03 1.072500000000000000e+03
-2.689500000000000000e+03 1.069049519557861686e+03
-2.690891971587785520e+03 1.039500000000000000e+03
-2.708584252249395377e+03 1.006500000000000000e+03
-2.722500000000000000e+03 9.758644907750140192e+02
-2.726129026803321722e+03 9.735000000000000000e+02
-2.759953679406587071e+03 9.405000000000000000e+02
-2.778155205673283035e+03 9.075000000000000000e+02
-2.748034564306995890e+03 8.745000000000000000e+02
-2.755500000000000000e+03 8.599473129163147860e+02
-2.775049496770726364e+03 8.415000000000000000e+02
-2.788500000000000000e+03 8.285976498689066148e+02
-2.953500000000000000e+03 9.472076979983407909e+02
-2.920500000000000000e+03 9.192677165310190048e+02
-2.986500000000000000e+03 9.405011420612233906e+02
-2.809229717426939260e+03 8.085000000000000000e+02
-2.821500000000000000e+03 8.009573041799508246e+02
-3.019500000000000000e+03 9.316665086588218401e+02
-3.052500000000000000e+03 9.483401441104484775e+02
-2.854500000000000000e+03 8.005958200764624735e+02
-2.887500000000000000e+03 8.037410154625189307e+02
-3.397297554449319250e+03 7.755000000000000000e+02
-3.406491524698987178e+03 7.425000000000000000e+02
-3.366683460896460474e+03 7.095000000000000000e+02
-3.650086300284308436e+03 6.765000000000000000e+02
-3.648886865257677528e+03 6.435000000000000000e+02
-4.009500066897835950e+03 6.105000000000000000e+02
-3.381919251656006963e+03 4.455000000000000000e+02
-4.050287770963782805e+03 5.775000000000000000e+02
-5.252807424360777077e+03 4.125000000000000000e+02
-4.267433553842451147e+03 2.805000000000000000e+02
-6.851327696508536064e+03 5.445000000000000000e+02
-6.844975927972385762e+03 5.115000000000000000e+02
-6.524170246810973367e+03 4.785000000000000000e+02
-5.585839457192530062e+03 3.795000000000000000e+02
-5.589214357566616854e+03 3.465000000000000000e+02
-5.418536123085785221e+03 2.475000000000000000e+02
-5.386781793367058526e+03 2.145000000000000000e+02
-7.775149966272597339e+03 3.135000000000000000e+02
-5.356033864372076096e+03 1.815000000000000000e+02
-5.571165466253717568e+03 1.485000000000000000e+02
-4.768502938888129393e+03 1.155000000000000000e+02
-3.073444466925692268e+03 4.950000000000000000e+01
-5.383615498096113697e+03 8.250000000000000000e+01
-3.063505790394937321e+03 1.650000000000000000e+01
