-6.652856549615602125e+04
-5.152856549615602853e+04
-3.652856549615603581e+04
-2.152856549615604308e+04
-6.528565496156050358e+03
8.471434503843949642e+03
2.347143450384393509e+04
3.847143450384392054e+04
5.347143450384392054e+04
6.847143450384392054e+04
8.347143450384392054e+04
9.847143450384389143e+04
1.134714345038438914e+05
1.284714345038438914e+05
1.434714345038438623e+05
1.584714345038438623e+05
1.734714345038438623e+05
1.884714345038438623e+05
2.034714345038438623e+05
2.184714345038438623e+05
2.334714345038438623e+05
2.484714345038438041e+05
2.634714345038437750e+05
2.784714345038437750e+05
2.934714345038437750e+05
3.084714345038437750e+05
3.234714345038437750e+05
3.384714345038437750e+05
3.534714345038437750e+05
3.684714345038437750e+05
3.834714345038437750e+05
3.984714345038437750e+05
4.134714345038437750e+05
4.284714345038437750e+05
4.434714345038437750e+05
4.584714345038437750e+05
4.734714345038437750e+05
4.884714345038437750e+05
5.034714345038437750e+05
5.184714345038437750e+05
5.334714345038437750e+05
5.484714345038436586e+05
5.634714345038436586e+05
5.784714345038436586e+05
5.934714345038436586e+05
6.084714345038436586e+05
6.234714345038436586e+05
6.384714345038436586e+05
6.534714345038436586e+05
6.684714345038436586e+05
6.834714345038436586e+05
6.984714345038436586e+05
7.134714345038436586e+05
7.284714345038436586e+05
7.434714345038436586e+05
7.584714345038436586e+05
7.734714345038435422e+05
7.884714345038435422e+05
8.034714345038435422e+05
8.184714345038435422e+05
8.334714345038435422e+05
8.484714345038435422e+05
8.634714345038435422e+05
8.784714345038435422e+05
8.934714345038435422e+05
9.084714345038435422e+05
9.234714345038435422e+05
9.384714345038435422e+05
9.534714345038435422e+05
9.684714345038435422e+05
9.834714345038435422e+05
9.984714345038435422e+05
1.013471434503843542e+06
1.028471434503843542e+06
1.043471434503843542e+06
1.058471434503843542e+06
1.073471434503843542e+06
1.088471434503843542e+06
1.103471434503843542e+06
1.118471434503843542e+06
1.133471434503843542e+06
1.148471434503843309e+06
1.163471434503843309e+06
1.178471434503843309e+06
1.193471434503843309e+06
1.208471434503843309e+06
1.223471434503843309e+06
1.238471434503843309e+06
