4.250235022728142212e+03 2.500000000000000000e+02
4.276471750621391038e+03 7.500000000000000000e+02
4.250000000000000000e+03 7.944711194915381611e+02
4.114316791250690585e+03 1.250000000000000000e+03
4.024283250421234698e+03 1.750000000000000000e+03
3.766948836035679506e+03 2.250000000000000000e+03
3.750000000000000000e+03 2.267650186816665155e+03
3.559760817045183103e+03 2.750000000000000000e+03
3.500904173179230838e+03 3.250000000000000000e+03
3.451970356443906894e+03 3.750000000000000000e+03
3.340811046988287217e+03 4.250000000000000000e+03
3.294618047888725869e+03 4.750000000000000000e+03
3.274058706796578917e+03 5.250000000000000000e+03
3.250000000000000000e+03 5.287651161801567469e+03
3.019459177934604213e+03 5.750000000000000000e+03
2.950848490203729853e+03 6.250000000000000000e+03
2.916668421691132608e+03 6.750000000000000000e+03
2.771825841583171496e+03 7.250000000000000000e+03
2.750009583447428213e+03 7.750000000000000000e+03
2.750000000000000000e+03 7.750027565697400860e+03
2.520864361084630673e+03 8.250000000000000000e+03
2.426317103623360708e+03 8.750000000000000000e+03
2.252075690714995289e+03 9.250000000000000000e+03
2.250000000000000000e+03 9.254083830382140150e+03
1.913945253930517538e+03 9.750000000000000000e+03
1.753647347340411670e+03 1.025000000000000000e+04
1.750000000000000000e+03 1.025696407237265885e+04
1.250044183650141804e+03 1.075000000000000000e+04
1.250000000000000000e+03 1.075005685729010293e+04
1.065012746534479220e+03 1.125000000000000000e+04
9.178518035962657677e+02 1.175000000000000000e+04
7.640964312455001846e+02 1.225000000000000000e+04
7.500000000000000000e+02 1.226836762516777890e+04
2.500000000000000000e+02 1.251040525211045315e+04
6.423261078284554060e+00 1.275000000000000000e+04
-2.500000000000000000e+02 1.300366476222032361e+04
-7.137487144317640286e+02 1.325000000000000000e+04
-7.500000000000000000e+02 1.334258810908512532e+04
-9.948678391967432617e+02 1.375000000000000000e+04
-1.163571744097649116e+03 1.425000000000000000e+04
-1.250000000000000000e+03 1.431201834644390874e+04
-1.750000000000000000e+03 1.457432202860545112e+04
-1.947687818640235264e+03 1.475000000000000000e+04
-2.250000000000000000e+03 1.504129597957008446e+04
-2.750000000000000000e+03 1.518154254329054493e+04
-2.886536243945322894e+03 1.525000000000000000e+04
-3.164087824124947019e+03 1.575000000000000000e+04
-3.250000000000000000e+03 1.614270330351721168e+04
-3.275991054107309537e+03 1.625000000000000000e+04
-3.544639874360307203e+03 1.675000000000000000e+04
-3.750000000000000000e+03 1.697105218690273978e+04
-4.004910348960807823e+03 1.725000000000000000e+04
-4.247301453742254125e+03 1.775000000000000000e+04
-4.250000000000000000e+03 1.775251988561077815e+04
-4.749217224999491009e+03 1.825000000000000000e+04
-4.750000000000000000e+03 1.825038970355598212e+04
-5.250000000000000000e+03 1.829427815563241893e+04
-5.750000000000000000e+03 1.841633901302359300e+04
-6.250000000000000000e+03 1.854846439486058080e+04
-6.455810825317954368e+03 1.875000000000000000e+04
-6.750000000000000000e+03 1.891841404153916665e+04
-7.250000000000000000e+03 1.902107656525032144e+04
-7.730031053814135703e+03 1.925000000000000000e+04
-7.750000000000000000e+03 1.926018935221876745e+04
-8.250000000000000000e+03 1.944312639616318847e+04
-8.750000000000000000e+03 1.960264833673304383e+04
-8.978012840865589169e+03 1.975000000000000000e+04
-9.250000000000000000e+03 1.995855473142740448e+04
-9.750000000000000000e+03 2.006465331157326727e+04
-1.020554447996278213e+04 2.025000000000000000e+04
-1.025000000000000000e+04 2.027202671915234896e+04
-1.075000000000000000e+04 2.043225995939678614e+04
-1.112219092901843942e+04 2.075000000000000000e+04
-1.125000000000000000e+04 2.080874396491290827e+04
-1.175000000000000000e+04 2.103076341845940624e+04
-1.222959264062400325e+04 2.125000000000000000e+04
-1.225000000000000000e+04 2.125951914007926462e+04
-1.275000000000000000e+04 2.133114011276054225e+04
-1.325000000000000000e+04 2.142009936804207246e+04
-1.375000000000000000e+04 2.159716124363109338e+04
-1.419953069743615015e+04 2.175000000000000000e+04
-1.425000000000000000e+04 2.177668688154735355e+04
-1.475000000000000000e+04 2.181837800034640895e+04
-1.525000000000000000e+04 2.185173017612267358e+04
-1.575000000000000000e+04 2.190893360811358798e+04
-1.625000000000000000e+04 2.229172932838231645e+04
-1.675000000000000000e+04 2.237025955286172029e+04
-1.725000000000000000e+04 2.246456348979132599e+04
-1.775000000000000000e+04 2.275009069483822168e+04
-1.825000000000000000e+04 2.256358653878664336e+04
-1.875000000000000000e+04 2.257814388681038690e+04
-1.925000000000000000e+04 2.255364986226558904e+04
-1.975000000000000000e+04 2.258493142561244895e+04
-2.025000000000000000e+04 2.286437738345993057e+04
-2.075000000000000000e+04 2.328221291345079590e+04
-2.125000000000000000e+04 2.334352444310142528e+04
-2.175000000000000000e+04 2.340495475217657440e+04
-2.225000000000000000e+04 2.341978414340940071e+04
-2.275000000000000000e+04 2.342312091247814169e+04
-2.325000000000000000e+04 2.341900118482190010e+04
-2.375000000000000000e+04 2.339442146199906711e+04
-2.425000000000000000e+04 2.336080669537953872e+04
-2.475000000000000000e+04 2.333071038625062283e+04
-2.525000000000000000e+04 2.331119463542414815e+04
-2.575000000000000000e+04 2.329592248413062771e+04
-2.625000000000000000e+04 2.328115410064939351e+04
-2.675000000000000000e+04 2.328215807655073877e+04
-2.725000000000000000e+04 2.327161108666914151e+04
-2.775000000000000000e+04 2.326316828078039180e+04
-2.825000000000000000e+04 2.298920529797932613e+04
-2.875000000000000000e+04 2.294958796235672344e+04
-2.925000000000000000e+04 2.289164660118204847e+04
-2.975000000000000000e+04 2.285513520005352984e+04
-3.025000000000000000e+04 2.278286054948989113e+04
-3.075000000000000000e+04 2.275379313583596013e+04
-3.125000000000000000e+04 2.237743225036278091e+04
-3.175000000000000000e+04 2.231922963166873888e+04
-3.225000000000000000e+04 2.225117603859225710e+04
-3.275000000000000000e+04 2.185195494768290155e+04
-3.325000000000000000e+04 2.179035483113502778e+04
-3.330903709450086171e+04 2.175000000000000000e+04
-3.375000000000000000e+04 2.139666603241845223e+04
-3.389872009682719363e+04 2.125000000000000000e+04
-3.425000000000000000e+04 2.091453755242599436e+04
-3.475000000000000000e+04 2.086263092219151804e+04
-3.487621591267221811e+04 2.075000000000000000e+04
-3.525000000000000000e+04 2.040234193110438355e+04
-3.575000000000000000e+04 2.029524160792876137e+04
-3.579860260098987783e+04 2.025000000000000000e+04
-3.625000000000000000e+04 2.002809350050494322e+04
-3.675000000000000000e+04 1.975743505647866186e+04
-3.675613607989056618e+04 1.975000000000000000e+04
-3.725000000000000000e+04 1.950237500067195288e+04
-3.750648816772904684e+04 1.925000000000000000e+04
-3.775000000000000000e+04 1.909147492760602108e+04
-3.825000000000000000e+04 1.900442958353586437e+04
-3.850404911572449782e+04 1.875000000000000000e+04
-3.875000000000000000e+04 1.853035376035939044e+04
-3.925000000000000000e+04 1.844205320925994602e+04
-3.950131458481068694e+04 1.825000000000000000e+04
-3.975000000000000000e+04 1.802195853103089030e+04
-4.002628543269677903e+04 1.775000000000000000e+04
-4.025000000000000000e+04 1.754286940683046851e+04
-4.075000000000000000e+04 1.726447262112333556e+04
-4.076527050220383535e+04 1.725000000000000000e+04
-4.125000000000000000e+04 1.692320574646414752e+04
-4.142415159626231616e+04 1.675000000000000000e+04
-4.175000000000000000e+04 1.642451693325084852e+04
-4.200437379087316367e+04 1.625000000000000000e+04
-4.225000000000000000e+04 1.600775423505475010e+04
-4.275000000000000000e+04 1.576591930917901664e+04
-4.276691155330055335e+04 1.575000000000000000e+04
-4.325000000000000000e+04 1.529244863685060409e+04
-4.328945689262682572e+04 1.525000000000000000e+04
-4.350793302041760762e+04 1.475000000000000000e+04
-4.375000000000000000e+04 1.450609177500237274e+04
-4.400367698670444952e+04 1.425000000000000000e+04
-4.425000000000000000e+04 1.376551303651510170e+04
-4.426544770688647259e+04 1.375000000000000000e+04
-4.475000000000000000e+04 1.325529438141675382e+04
-4.475321485211449180e+04 1.325000000000000000e+04
-4.500766736943302385e+04 1.275000000000000000e+04
-4.525000000000000000e+04 1.225421803452025961e+04
-4.525258567671799392e+04 1.225000000000000000e+04
-4.553250555913201242e+04 1.175000000000000000e+04
-4.575000000000000000e+04 1.125481723119297567e+04
-4.575582393482941552e+04 1.125000000000000000e+04
-4.625000000000000000e+04 1.083814360921722619e+04
-4.631961018824262283e+04 1.075000000000000000e+04
-4.675000000000000000e+04 1.033499203781076903e+04
-4.678370453017730324e+04 1.025000000000000000e+04
-4.692923272119087051e+04 9.750000000000000000e+03
-4.725000000000000000e+04 9.284663843376252771e+03
-4.727985408650548925e+04 9.250000000000000000e+03
-4.739820982854499744e+04 8.750000000000000000e+03
-4.775000000000000000e+04 8.252072630732398466e+03
-4.775218397340796946e+04 8.250000000000000000e+03
-4.790626081610736583e+04 7.750000000000000000e+03
-4.802860259762022906e+04 7.250000000000000000e+03
-4.825000000000000000e+04 6.752270313102084401e+03
-4.825078725013469375e+04 6.750000000000000000e+03
-4.838546366145501088e+04 6.250000000000000000e+03
-4.843065413721632649e+04 5.750000000000000000e+03
-4.845208296809950116e+04 5.250000000000000000e+03
-4.843010739270783961e+04 4.750000000000000000e+03
-4.846731684427305299e+04 4.250000000000000000e+03
-4.875000000000000000e+04 3.750142487933267603e+03
-4.875017602881998027e+04 3.750000000000000000e+03
-4.875016919738881552e+04 3.250000000000000000e+03
-4.876786160796841432e+04 2.750000000000000000e+03
-4.891535731023948756e+04 2.250000000000000000e+03
-4.902077180462441174e+04 1.750000000000000000e+03
-4.907533303068083478e+04 1.250000000000000000e+03
-4.907905318521948357e+04 7.500000000000000000e+02
-4.906664566953679605e+04 2.500000000000000000e+02
