-2.538935042218522634e+06
-2.523935042218522634e+06
-2.508935042218522634e+06
-2.493935042218522634e+06
-2.478935042218522634e+06
-2.463935042218522634e+06
-2.448935042218522634e+06
-2.433935042218522634e+06
-2.418935042218522634e+06
-2.403935042218522634e+06
-2.388935042218522634e+06
-2.373935042218522634e+06
-2.358935042218522634e+06
-2.343935042218522634e+06
-2.328935042218522634e+06
-2.313935042218522634e+06
-2.298935042218522634e+06
-2.283935042218522634e+06
-2.268935042218522634e+06
-2.253935042218522634e+06
-2.238935042218522634e+06
-2.223935042218522634e+06
-2.208935042218522634e+06
-2.193935042218522634e+06
-2.178935042218522634e+06
-2.163935042218522634e+06
-2.148935042218522634e+06
-2.133935042218522634e+06
-2.118935042218522634e+06
-2.103935042218522634e+06
-2.088935042218522634e+06
-2.073935042218522634e+06
-2.058935042218522634e+06
-2.043935042218522634e+06
-2.028935042218522634e+06
-2.013935042218522634e+06
-1.998935042218522634e+06
-1.983935042218522634e+06
-1.968935042218522634e+06
-1.953935042218522634e+06
-1.938935042218522634e+06
-1.923935042218522634e+06
-1.908935042218522634e+06
-1.893935042218522634e+06
-1.878935042218522634e+06
-1.863935042218522634e+06
-1.848935042218522634e+06
-1.833935042218522634e+06
-1.818935042218522634e+06
-1.803935042218522634e+06
-1.788935042218522634e+06
-1.773935042218522634e+06
-1.758935042218522634e+06
-1.743935042218522634e+06
-1.728935042218522634e+06
-1.713935042218522634e+06
-1.698935042218522634e+06
-1.683935042218522634e+06
-1.668935042218522634e+06
-1.653935042218522634e+06
-1.638935042218522634e+06
-1.623935042218522634e+06
-1.608935042218522634e+06
-1.593935042218522634e+06
-1.578935042218522634e+06
-1.563935042218522634e+06
-1.548935042218522634e+06
-1.533935042218522634e+06
-1.518935042218522634e+06
-1.503935042218522634e+06
-1.488935042218522634e+06
-1.473935042218522634e+06
-1.458935042218522634e+06
-1.443935042218522634e+06
-1.428935042218522634e+06
-1.413935042218522634e+06
-1.398935042218522634e+06
-1.383935042218522634e+06
-1.368935042218522634e+06
-1.353935042218522634e+06
-1.338935042218522634e+06
-1.323935042218522634e+06
-1.308935042218522634e+06
-1.293935042218522634e+06
-1.278935042218522634e+06
-1.263935042218522634e+06
-1.248935042218522634e+06
-1.233935042218522634e+06
-1.218935042218522634e+06
-1.203935042218522634e+06
-1.188935042218522634e+06
-1.173935042218522634e+06
-1.158935042218522634e+06
-1.143935042218522634e+06
-1.128935042218522634e+06
-1.113935042218522634e+06
-1.098935042218522634e+06
-1.083935042218522634e+06
-1.068935042218522634e+06
-1.053935042218522634e+06
-1.038935042218522634e+06
-1.023935042218522634e+06
-1.008935042218522634e+06
-9.939350422185226344e+05
-9.789350422185226344e+05
-9.639350422185226344e+05
-9.489350422185226344e+05
-9.339350422185226344e+05
-9.189350422185226344e+05
-9.039350422185226344e+05
-8.889350422185226344e+05
-8.739350422185226344e+05
-8.589350422185226344e+05
-8.439350422185226344e+05
-8.289350422185226344e+05
-8.139350422185226344e+05
-7.989350422185226344e+05
-7.839350422185226344e+05
-7.689350422185226344e+05
-7.539350422185226344e+05
-7.389350422185226344e+05
-7.239350422185226344e+05
-7.089350422185226344e+05
-6.939350422185226344e+05
-6.789350422185226344e+05
-6.639350422185226344e+05
-6.489350422185226344e+05
-6.339350422185226344e+05
-6.189350422185226344e+05
-6.039350422185226344e+05
-5.889350422185226344e+05
-5.739350422185226344e+05
-5.589350422185226344e+05
-5.439350422185226344e+05
-5.289350422185226344e+05
-5.139350422185226344e+05
-4.989350422185226344e+05
-4.839350422185226344e+05
-4.689350422185226344e+05
-4.539350422185226344e+05
-4.389350422185226344e+05
-4.239350422185226344e+05
-4.089350422185226344e+05
-3.939350422185226344e+05
-3.789350422185226344e+05
-3.639350422185226344e+05
-3.489350422185226344e+05
-3.339350422185226344e+05
-3.189350422185226344e+05
-3.039350422185226344e+05
-2.889350422185226344e+05
-2.739350422185226344e+05
-2.589350422185226344e+05
-2.439350422185226344e+05
-2.289350422185226344e+05
-2.139350422185226344e+05
-1.989350422185226344e+05
-1.839350422185226344e+05
-1.689350422185226344e+05
-1.539350422185226344e+05
-1.389350422185226344e+05
-1.239350422185226344e+05
-1.089350422185226344e+05
-9.393504221852263436e+04
-7.893504221852263436e+04
-6.393504221852263436e+04
-4.893504221852263436e+04
-3.393504221852263436e+04
-1.893504221852263436e+04
-3.935042218522634357e+03
1.106495778147736564e+04
2.606495778147736564e+04
4.106495778147736564e+04
5.606495778147736564e+04
7.106495778147736564e+04
8.606495778147736564e+04
1.010649577814773656e+05
1.160649577814773656e+05
1.310649577814773656e+05
1.460649577814773656e+05
1.610649577814773656e+05
1.760649577814773656e+05
1.910649577814773656e+05
2.060649577814773656e+05
2.210649577814773656e+05
2.360649577814773656e+05
2.510649577814773656e+05
2.660649577814773656e+05
2.810649577814773656e+05
2.960649577814773656e+05
3.110649577814773656e+05
3.260649577814773656e+05
3.410649577814773656e+05
3.560649577814773656e+05
3.710649577814773656e+05
3.860649577814773656e+05
4.010649577814773656e+05
4.160649577814773656e+05
4.310649577814773656e+05
4.460649577814773656e+05
4.610649577814773656e+05
4.760649577814773656e+05
4.910649577814773656e+05
