2.505034620199606798e+04 2.500000000000000000e+02
2.504824475978204282e+04 7.500000000000000000e+02
2.503998052272876157e+04 1.250000000000000000e+03
2.503157483457093258e+04 1.750000000000000000e+03
2.491626725895509298e+04 2.250000000000000000e+03
2.489631391859694486e+04 2.750000000000000000e+03
2.487275659822644593e+04 3.250000000000000000e+03
2.481471984065071229e+04 3.750000000000000000e+03
2.479919124286963415e+04 4.250000000000000000e+03
2.477909485249085265e+04 4.750000000000000000e+03
2.475775580430378250e+04 5.250000000000000000e+03
2.475000000000000000e+04 5.270686810916244212e+03
2.457452797545462090e+04 5.750000000000000000e+03
2.454728468166727544e+04 6.250000000000000000e+03
2.452654099540818061e+04 6.750000000000000000e+03
2.440871222781366305e+04 7.250000000000000000e+03
2.435144446803789833e+04 7.750000000000000000e+03
2.429515832874293847e+04 8.250000000000000000e+03
2.427342741165528787e+04 8.750000000000000000e+03
2.425000000000000000e+04 8.820946649797642749e+03
2.410103427536523304e+04 9.250000000000000000e+03
2.405960954151398983e+04 9.750000000000000000e+03
2.402884921324695460e+04 1.025000000000000000e+04
2.389021677019787239e+04 1.075000000000000000e+04
2.384345530743495692e+04 1.125000000000000000e+04
2.377148722090679439e+04 1.175000000000000000e+04
2.375107634860628968e+04 1.225000000000000000e+04
2.375000000000000000e+04 1.225258286498318557e+04
2.354069043819508443e+04 1.275000000000000000e+04
2.337246762305213633e+04 1.325000000000000000e+04
2.331692757846387758e+04 1.375000000000000000e+04
2.325465399996995984e+04 1.425000000000000000e+04
2.325000000000000000e+04 1.426081464491668885e+04
2.304505520687351964e+04 1.475000000000000000e+04
2.301755325129148696e+04 1.525000000000000000e+04
2.280407360497551053e+04 1.575000000000000000e+04
2.275215405473956707e+04 1.625000000000000000e+04
2.275000000000000000e+04 1.625461405302938692e+04
2.252919124048888261e+04 1.675000000000000000e+04
2.231317707931643235e+04 1.725000000000000000e+04
2.225398875213512656e+04 1.775000000000000000e+04
2.225000000000000000e+04 1.775843554938861416e+04
2.203153974820577423e+04 1.825000000000000000e+04
2.181388935447055701e+04 1.875000000000000000e+04
2.175367467823733023e+04 1.925000000000000000e+04
2.175000000000000000e+04 1.925746551374653791e+04
2.151889231575650410e+04 1.975000000000000000e+04
2.129227026888484397e+04 2.025000000000000000e+04
2.125091375151672764e+04 2.075000000000000000e+04
2.125000000000000000e+04 2.075181343745084450e+04
2.100481243679906402e+04 2.125000000000000000e+04
2.075699149015154399e+04 2.175000000000000000e+04
2.075000000000000000e+04 2.176423868863411553e+04
2.052097223065255093e+04 2.225000000000000000e+04
2.028816399856426142e+04 2.275000000000000000e+04
2.025056339958417811e+04 2.325000000000000000e+04
2.025000000000000000e+04 2.325113800155498029e+04
1.981709655158528403e+04 2.375000000000000000e+04
1.975370584330075508e+04 2.425000000000000000e+04
1.975000000000000000e+04 2.425742059302987400e+04
1.950585621681561315e+04 2.475000000000000000e+04
1.925576820988184045e+04 2.525000000000000000e+04
1.925000000000000000e+04 2.526150304427696392e+04
1.882348777838001479e+04 2.575000000000000000e+04
1.875304151238899067e+04 2.625000000000000000e+04
1.875000000000000000e+04 2.625602211000564785e+04
1.829046801337589568e+04 2.675000000000000000e+04
1.825000000000000000e+04 2.679593142975291994e+04
1.802492207970309755e+04 2.725000000000000000e+04
1.777593547382226461e+04 2.775000000000000000e+04
1.775000000000000000e+04 2.777775488669355400e+04
1.751074210660043900e+04 2.825000000000000000e+04
1.725416690415331323e+04 2.875000000000000000e+04
1.725000000000000000e+04 2.875811439184872506e+04
1.678748247003562938e+04 2.925000000000000000e+04
1.675000000000000000e+04 2.929018203097019796e+04
1.651730242771656049e+04 2.975000000000000000e+04
1.626993383069862466e+04 3.025000000000000000e+04
1.625000000000000000e+04 3.027140806242677354e+04
1.601103413272134458e+04 3.075000000000000000e+04
1.575661581094552275e+04 3.125000000000000000e+04
1.575000000000000000e+04 3.126340825440101253e+04
1.552773914478404549e+04 3.175000000000000000e+04
1.528148388897685618e+04 3.225000000000000000e+04
1.525000000000000000e+04 3.226641051870623050e+04
1.475000000000000000e+04 3.250167514830389337e+04
1.425000000000000000e+04 3.254113443816926883e+04
1.393455461305116842e+04 3.275000000000000000e+04
1.376530177309994360e+04 3.325000000000000000e+04
1.375000000000000000e+04 3.328192103418141778e+04
1.351775754318500913e+04 3.375000000000000000e+04
1.328030351843328208e+04 3.425000000000000000e+04
1.326169912949129321e+04 3.475000000000000000e+04
1.325000000000000000e+04 3.477283544819417875e+04
1.275050016259016775e+04 3.525000000000000000e+04
1.275000000000000000e+04 3.525025043575072777e+04
1.225000000000000000e+04 3.526634124702296685e+04
1.175000000000000000e+04 3.551050374805257889e+04
1.125000000000000000e+04 3.565320805526646291e+04
1.103237692611054808e+04 3.575000000000000000e+04
1.078078560568935791e+04 3.625000000000000000e+04
1.075052555102316182e+04 3.675000000000000000e+04
1.075000000000000000e+04 3.675106854853643745e+04
1.051400131334205616e+04 3.725000000000000000e+04
1.026311081734999971e+04 3.775000000000000000e+04
1.025000000000000000e+04 3.776311630690473976e+04
9.750000000000000000e+03 3.800658841796214256e+04
9.265734344939382936e+03 3.825000000000000000e+04
9.250000000000000000e+03 3.826553322112464230e+04
8.757975519459267161e+03 3.875000000000000000e+04
8.750000000000000000e+03 3.875412577278481331e+04
8.250000000000000000e+03 3.901181344208065275e+04
8.008904877398308599e+03 3.925000000000000000e+04
7.750000000000000000e+03 3.950612258063205809e+04
7.275883703878980668e+03 3.975000000000000000e+04
7.250000000000000000e+03 3.977590458067708096e+04
6.770817393915369394e+03 4.025000000000000000e+04
6.750000000000000000e+03 4.027057311051893339e+04
6.269091856838030253e+03 4.075000000000000000e+04
6.250000000000000000e+03 4.076855267165579426e+04
5.751379085084302460e+03 4.125000000000000000e+04
5.750000000000000000e+03 4.125070296999633138e+04
5.250000000000000000e+03 4.150352080163283972e+04
4.769567414571002701e+03 4.175000000000000000e+04
4.750000000000000000e+03 4.176947333943062404e+04
4.256875386967847589e+03 4.225000000000000000e+04
4.250000000000000000e+03 4.225369457866568700e+04
3.750000000000000000e+03 4.250595065500951750e+04
3.265869546988314596e+03 4.275000000000000000e+04
3.250000000000000000e+03 4.276575473612509086e+04
2.760124027264797405e+03 4.325000000000000000e+04
2.750000000000000000e+03 4.325991564702604956e+04
2.250000000000000000e+03 4.352084605263157573e+04
1.764360844808066531e+03 4.375000000000000000e+04
1.750000000000000000e+03 4.376248878582149337e+04
1.256458100606829476e+03 4.425000000000000000e+04
1.250000000000000000e+03 4.425637706390290259e+04
7.500000000000000000e+02 4.435040242653417226e+04
2.628255130418322665e+02 4.475000000000000000e+04
2.500000000000000000e+02 4.476124579748536053e+04
-2.490491824289300382e+02 4.525000000000000000e+04
-2.500000000000000000e+02 4.525051750033295684e+04
-7.500000000000000000e+02 4.529627859642897238e+04
-1.247100832785910825e+03 4.575000000000000000e+04
-1.250000000000000000e+03 4.575284348974707245e+04
-1.750000000000000000e+03 4.582719291000938392e+04
-2.247151356456347457e+03 4.625000000000000000e+04
-2.250000000000000000e+03 4.625262914813202224e+04
-2.750000000000000000e+03 4.634336595694216521e+04
-3.246299687521390297e+03 4.675000000000000000e+04
-3.250000000000000000e+03 4.675338095344699832e+04
-3.750000000000000000e+03 4.700889339873962308e+04
-4.248143695829508033e+03 4.725000000000000000e+04
-4.250000000000000000e+03 4.725094588327051315e+04
-4.750000000000000000e+03 4.733123162108556426e+04
-5.249761015178770322e+03 4.775000000000000000e+04
-5.250000000000000000e+03 4.775011916665770696e+04
-5.750000000000000000e+03 4.777380443440933595e+04
-6.250000000000000000e+03 4.801689091718447162e+04
-6.750000000000000000e+03 4.808603786527091870e+04
-7.131773586516002069e+03 4.825000000000000000e+04
-7.250000000000000000e+03 4.832652027740533231e+04
-7.750000000000000000e+03 4.843696739711589180e+04
-8.250000000000000000e+03 4.859656098300786834e+04
-8.622140764670601129e+03 4.875000000000000000e+04
-8.750000000000000000e+03 4.880296462287777831e+04
-9.250000000000000000e+03 4.892780598811036180e+04
-9.750000000000000000e+03 4.908169379907113034e+04
-1.015987823400695015e+04 4.925000000000000000e+04
-1.025000000000000000e+04 4.928777108366938774e+04
-1.075000000000000000e+04 4.938776259070919332e+04
-1.125000000000000000e+04 4.954941364902289934e+04
-1.175000000000000000e+04 4.976007334553963301e+04
-1.225000000000000000e+04 4.980101891993195750e+04
-1.275000000000000000e+04 4.989386362610199285e+04
-1.325000000000000000e+04 5.004222368307438592e+04
-1.375000000000000000e+04 5.008018798139406135e+04
-1.425000000000000000e+04 5.026596065690059913e+04
-1.475000000000000000e+04 5.028805764179079415e+04
-1.525000000000000000e+04 5.034612529738164449e+04
-1.575000000000000000e+04 5.038977472550512903e+04
-1.625000000000000000e+04 5.042525345761508652e+04
-1.675000000000000000e+04 5.054851782992563676e+04
-1.725000000000000000e+04 5.056967637870532053e+04
-1.775000000000000000e+04 5.059162379848368437e+04
-1.825000000000000000e+04 5.075604726346737880e+04
-1.875000000000000000e+04 5.076687675414443947e+04
-1.925000000000000000e+04 5.077881331065099221e+04
-1.975000000000000000e+04 5.079027733518370223e+04
-2.025000000000000000e+04 5.080028971169603028e+04
-2.075000000000000000e+04 5.080929164231497271e+04
-2.125000000000000000e+04 5.084874720604473987e+04
-2.175000000000000000e+04 5.085524984407421289e+04
-2.225000000000000000e+04 5.085802447193099943e+04
-2.275000000000000000e+04 5.085946729239178239e+04
-2.325000000000000000e+04 5.086049866770485824e+04
-2.375000000000000000e+04 5.086568998043049942e+04
-2.425000000000000000e+04 5.086978839415426046e+04
-2.475000000000000000e+04 5.087175174546059134e+04
-2.525000000000000000e+04 5.086956092330809042e+04
-2.575000000000000000e+04 5.086035845142628386e+04
-2.625000000000000000e+04 5.085296296264736156e+04
-2.675000000000000000e+04 5.081285854265615490e+04
-2.725000000000000000e+04 5.080569462030928844e+04
-2.775000000000000000e+04 5.079856869931580877e+04
-2.825000000000000000e+04 5.078945262734225253e+04
-2.875000000000000000e+04 5.077613211776506796e+04
-2.925000000000000000e+04 5.075520576977834571e+04
-2.975000000000000000e+04 5.075003012772803777e+04
-3.025000000000000000e+04 5.056594163433402719e+04
-3.075000000000000000e+04 5.055806470531057130e+04
-3.125000000000000000e+04 5.054369931654257380e+04
-3.175000000000000000e+04 5.052647133721963473e+04
-3.225000000000000000e+04 5.036350077129219426e+04
-3.275000000000000000e+04 5.034458936450001056e+04
-3.325000000000000000e+04 5.032308416774217039e+04
-3.375000000000000000e+04 5.027134529317601846e+04
-3.425000000000000000e+04 5.025056345330493059e+04
-3.475000000000000000e+04 5.005668189158527093e+04
-3.525000000000000000e+04 5.002821401945124671e+04
-3.575000000000000000e+04 4.985856299594344455e+04
-3.625000000000000000e+04 4.982981375928362104e+04
-3.675000000000000000e+04 4.976230224910188554e+04
-3.725000000000000000e+04 4.975020032770663965e+04
-3.775000000000000000e+04 4.952514585605495813e+04
-3.825000000000000000e+04 4.935627466372909839e+04
-3.875000000000000000e+04 4.928211127296340419e+04
-3.925000000000000000e+04 4.925163250913594675e+04
-3.925374862024920003e+04 4.925000000000000000e+04
-3.975000000000000000e+04 4.902717705500195007e+04
-4.025000000000000000e+04 4.884912221832603245e+04
-4.075000000000000000e+04 4.877328860763902776e+04
-4.125000000000000000e+04 4.875084114045371825e+04
-4.125179909459620831e+04 4.875000000000000000e+04
-4.175000000000000000e+04 4.851536720001443609e+04
-4.225000000000000000e+04 4.831465801026096597e+04
-4.275000000000000000e+04 4.825290031353879021e+04
-4.275618483005672169e+04 4.825000000000000000e+04
-4.325000000000000000e+04 4.801958198962549068e+04
-4.375000000000000000e+04 4.782121998765760509e+04
-4.425000000000000000e+04 4.775330398993069684e+04
-4.425670497436350706e+04 4.775000000000000000e+04
-4.475000000000000000e+04 4.751248721244678018e+04
-4.525000000000000000e+04 4.727307264056890563e+04
-4.575000000000000000e+04 4.725008533577565686e+04
-4.575016803503481788e+04 4.725000000000000000e+04
-4.625000000000000000e+04 4.682251215342991782e+04
-4.675000000000000000e+04 4.675400075504776760e+04
-4.675786695706063620e+04 4.675000000000000000e+04
-4.725000000000000000e+04 4.651082746095703624e+04
-4.775000000000000000e+04 4.626442984868383792e+04
-4.776604482071687380e+04 4.625000000000000000e+04
-4.825000000000000000e+04 4.601486251299471041e+04
-4.875000000000000000e+04 4.576640819028086116e+04
-4.876759350159985479e+04 4.575000000000000000e+04
-4.925000000000000000e+04 4.551026510403284919e+04
-4.975000000000000000e+04 4.525651240272751602e+04
-4.976235044905479299e+04 4.525000000000000000e+04
-5.025000000000000000e+04 4.482168266281738761e+04
-5.075000000000000000e+04 4.475245909906577435e+04
-5.075481229426917707e+04 4.475000000000000000e+04
-5.125000000000000000e+04 4.428744653987643687e+04
-5.129069776199768239e+04 4.425000000000000000e+04
-5.175000000000000000e+04 4.401680670052293863e+04
-5.225000000000000000e+04 4.376547647284336563e+04
-5.226628982248867396e+04 4.375000000000000000e+04
-5.275000000000000000e+04 4.350713425702352106e+04
-5.325000000000000000e+04 4.325166895723428024e+04
-5.325323371858721657e+04 4.325000000000000000e+04
-5.375000000000000000e+04 4.278915258327614720e+04
-5.379187786747421342e+04 4.275000000000000000e+04
-5.425000000000000000e+04 4.252355148839578760e+04
-5.475000000000000000e+04 4.228183699958422221e+04
-5.480923860947301000e+04 4.225000000000000000e+04
-5.525000000000000000e+04 4.186567874378824490e+04
-5.538632600235179416e+04 4.175000000000000000e+04
-5.575000000000000000e+04 4.141553762659000495e+04
-5.625000000000000000e+04 4.137665304255205410e+04
-5.636207193573137920e+04 4.125000000000000000e+04
-5.675000000000000000e+04 4.078486344684399955e+04
-5.676202762398234336e+04 4.075000000000000000e+04
-5.680207211972405639e+04 4.025000000000000000e+04
-5.725000000000000000e+04 3.976026945141152100e+04
-5.726955929420667235e+04 3.975000000000000000e+04
-5.775000000000000000e+04 3.950636488041996199e+04
-5.825000000000000000e+04 3.925569578990659647e+04
-5.825573363218919985e+04 3.925000000000000000e+04
-5.875000000000000000e+04 3.886856337482735398e+04
-5.886742520672762475e+04 3.875000000000000000e+04
-5.925000000000000000e+04 3.835203276845606160e+04
-5.937758097246529360e+04 3.825000000000000000e+04
-5.959243314914742950e+04 3.775000000000000000e+04
-5.975000000000000000e+04 3.759486653893982293e+04
-6.025000000000000000e+04 3.753366693511220365e+04
-6.075000000000000000e+04 3.727440309408678877e+04
-6.078226155068006483e+04 3.725000000000000000e+04
-6.103235334137852624e+04 3.675000000000000000e+04
-6.125000000000000000e+04 3.627466565054449893e+04
-6.125874577690025762e+04 3.625000000000000000e+04
-6.145228750189722632e+04 3.575000000000000000e+04
-6.175000000000000000e+04 3.542301576836287131e+04
-6.188621569727607857e+04 3.525000000000000000e+04
-6.225000000000000000e+04 3.489265697299552266e+04
-6.238773869694063615e+04 3.475000000000000000e+04
-6.275000000000000000e+04 3.440199198741182772e+04
-6.325000000000000000e+04 3.437821464783081319e+04
-6.337816314101716125e+04 3.425000000000000000e+04
-6.375000000000000000e+04 3.375012721558474732e+04
-6.375012708369948814e+04 3.375000000000000000e+04
-6.388706562056710391e+04 3.325000000000000000e+04
-6.425000000000000000e+04 3.288205469681927207e+04
-6.438388271157279087e+04 3.275000000000000000e+04
-6.475000000000000000e+04 3.238021888223297356e+04
-6.488239271366038884e+04 3.225000000000000000e+04
-6.500645351601190487e+04 3.175000000000000000e+04
-6.525000000000000000e+04 3.142306342309223692e+04
-6.539651727385781123e+04 3.125000000000000000e+04
-6.559950379371360759e+04 3.075000000000000000e+04
-6.575000000000000000e+04 3.058994908556599330e+04
-6.600783952088390652e+04 3.025000000000000000e+04
-6.625000000000000000e+04 2.991884711069291734e+04
-6.641906511300236161e+04 2.975000000000000000e+04
-6.651444148939711158e+04 2.925000000000000000e+04
-6.675000000000000000e+04 2.900989392827914708e+04
-6.701715937386345468e+04 2.875000000000000000e+04
-6.712857331396124209e+04 2.825000000000000000e+04
-6.725000000000000000e+04 2.808489408626906516e+04
-6.758599237749827444e+04 2.775000000000000000e+04
-6.763018808438206906e+04 2.725000000000000000e+04
-6.775000000000000000e+04 2.708421865960611831e+04
-6.809263963747781236e+04 2.675000000000000000e+04
-6.825000000000000000e+04 2.625003628518052574e+04
-6.825004060962724907e+04 2.625000000000000000e+04
-6.867235748684848659e+04 2.575000000000000000e+04
-6.875000000000000000e+04 2.525706228050719437e+04
-6.875809397847241780e+04 2.525000000000000000e+04
-6.925000000000000000e+04 2.477379442706205373e+04
-6.927989865337764786e+04 2.475000000000000000e+04
-6.975000000000000000e+04 2.431330490510576055e+04
-7.025000000000000000e+04 2.431448060772428289e+04
-7.029880409640824655e+04 2.425000000000000000e+04
-7.037327111294973292e+04 2.375000000000000000e+04
-7.075000000000000000e+04 2.336476798993647390e+04
-7.083784897331982211e+04 2.325000000000000000e+04
-7.125000000000000000e+04 2.277050154317158376e+04
-7.125421913137243246e+04 2.275000000000000000e+04
-7.135587801722982840e+04 2.225000000000000000e+04
-7.175000000000000000e+04 2.175181649865671352e+04
-7.175036498085515632e+04 2.175000000000000000e+04
-7.177656702699225571e+04 2.125000000000000000e+04
-7.200337130254587100e+04 2.075000000000000000e+04
-7.225000000000000000e+04 2.025432902635392384e+04
-7.225108613030730339e+04 2.025000000000000000e+04
-7.235267237929839757e+04 1.975000000000000000e+04
-7.252430512098093459e+04 1.925000000000000000e+04
-7.275000000000000000e+04 1.875523265211924081e+04
-7.275135477007289592e+04 1.875000000000000000e+04
-7.288300429828236520e+04 1.825000000000000000e+04
-7.302330640807590680e+04 1.775000000000000000e+04
-7.325000000000000000e+04 1.725803384537046441e+04
-7.325288916126772529e+04 1.725000000000000000e+04
-7.350119447842749651e+04 1.675000000000000000e+04
-7.375000000000000000e+04 1.625057264936929823e+04
-7.375028626163821900e+04 1.625000000000000000e+04
-7.376947521675049211e+04 1.575000000000000000e+04
-7.385378031487343833e+04 1.525000000000000000e+04
-7.402889195643909625e+04 1.475000000000000000e+04
-7.425000000000000000e+04 1.425034623951381036e+04
-7.425015322797215777e+04 1.425000000000000000e+04
-7.428096194243233185e+04 1.375000000000000000e+04
-7.434934123247949174e+04 1.325000000000000000e+04
-7.453364633457201126e+04 1.275000000000000000e+04
-7.475000000000000000e+04 1.225185008585532887e+04
-7.475081009900350182e+04 1.225000000000000000e+04
-7.481333941398382012e+04 1.175000000000000000e+04
-7.486361322492221370e+04 1.125000000000000000e+04
-7.503593331373140973e+04 1.075000000000000000e+04
-7.525000000000000000e+04 1.025010214148853265e+04
-7.525004293512590812e+04 1.025000000000000000e+04
-7.526033797389871324e+04 9.750000000000000000e+03
-7.533519346165414026e+04 9.250000000000000000e+03
-7.551867842141637811e+04 8.750000000000000000e+03
-7.554915090594766662e+04 8.250000000000000000e+03
-7.575000000000000000e+04 7.751364531268191058e+03
-7.575057518365644501e+04 7.750000000000000000e+03
-7.578785967995128885e+04 7.250000000000000000e+03
-7.585360818991922133e+04 6.750000000000000000e+03
-7.589203576399682788e+04 6.250000000000000000e+03
-7.592930050903740630e+04 5.750000000000000000e+03
-7.605509065646449744e+04 5.250000000000000000e+03
-7.607080560368542501e+04 4.750000000000000000e+03
-7.625000000000000000e+04 4.250389033290735824e+03
-7.625014633225338184e+04 4.250000000000000000e+03
-7.627151399045884318e+04 3.750000000000000000e+03
-7.629330075241626764e+04 3.250000000000000000e+03
-7.630547263015700446e+04 2.750000000000000000e+03
-7.635041596690488223e+04 2.250000000000000000e+03
-7.636519168638854171e+04 1.750000000000000000e+03
-7.637932703219259565e+04 1.250000000000000000e+03
-7.638851944077816734e+04 7.500000000000000000e+02
-7.639062634421550320e+04 2.500000000000000000e+02
