1.158117354107005212e+02
6.115811735410698930e+03
1.211581173541069620e+04
1.811581173541069438e+04
2.411581173541069438e+04
3.011581173541069438e+04
3.611581173541068711e+04
4.211581173541068711e+04
4.811581173541068711e+04
5.411581173541068711e+04
6.011581173541068711e+04
6.611581173541067983e+04
7.211581173541066528e+04
7.811581173541066528e+04
8.411581173541066528e+04
9.011581173541066528e+04
9.611581173541066528e+04
1.021158117354106653e+05
1.081158117354106653e+05
1.141158117354106653e+05
1.201158117354106653e+05
1.261158117354106507e+05
1.321158117354106798e+05
1.381158117354106798e+05
1.441158117354106507e+05
1.501158117354106507e+05
1.561158117354106507e+05
1.621158117354106507e+05
1.681158117354106507e+05
1.741158117354106507e+05
1.801158117354106507e+05
1.861158117354106507e+05
1.921158117354106507e+05
1.981158117354106507e+05
2.041158117354106507e+05
2.101158117354106507e+05
2.161158117354106507e+05
2.221158117354106507e+05
2.281158117354106507e+05
2.341158117354106507e+05
2.401158117354106507e+05
2.461158117354106216e+05
2.521158117354106216e+05
2.581158117354106216e+05
2.641158117354106507e+05
2.701158117354106507e+05
2.761158117354106507e+05
2.821158117354106507e+05
2.881158117354105925e+05
2.941158117354105925e+05
3.001158117354105925e+05
3.061158117354105925e+05
3.121158117354105925e+05
3.181158117354105925e+05
3.241158117354105925e+05
3.301158117354105925e+05
3.361158117354105925e+05
3.421158117354105925e+05
3.481158117354105925e+05
3.541158117354105925e+05
3.601158117354105925e+05
3.661158117354105925e+05
3.721158117354105925e+05
3.781158117354105925e+05
3.841158117354105925e+05
3.901158117354105925e+05
3.961158117354105925e+05
4.021158117354105925e+05
4.081158117354105925e+05
4.141158117354105925e+05
4.201158117354105925e+05
4.261158117354105925e+05
4.321158117354105925e+05
4.381158117354105925e+05
4.441158117354105925e+05
4.501158117354105925e+05
4.561158117354105925e+05
4.621158117354105925e+05
4.681158117354105925e+05
4.741158117354105925e+05
4.801158117354105925e+05
4.861158117354105343e+05
4.921158117354105343e+05
4.981158117354105343e+05
5.041158117354105343e+05
5.101158117354105343e+05
5.161158117354105343e+05
5.221158117354105343e+05
5.281158117354105925e+05
5.341158117354105925e+05
5.401158117354105925e+05
5.461158117354105925e+05
5.521158117354105925e+05
5.581158117354105925e+05
5.641158117354105925e+05
5.701158117354105925e+05
5.761158117354104761e+05
5.821158117354104761e+05
5.881158117354104761e+05
5.941158117354104761e+05
6.001158117354104761e+05
6.061158117354104761e+05
6.121158117354104761e+05
6.181158117354104761e+05
6.241158117354104761e+05
6.301158117354104761e+05
6.361158117354104761e+05
6.421158117354104761e+05
6.481158117354104761e+05
6.541158117354104761e+05
6.601158117354104761e+05
6.661158117354104761e+05
6.721158117354104761e+05
6.781158117354104761e+05
6.841158117354104761e+05
6.901158117354104761e+05
6.961158117354104761e+05
7.021158117354104761e+05
7.081158117354104761e+05
7.141158117354104761e+05
7.201158117354104761e+05
7.261158117354104761e+05
7.321158117354104761e+05
7.381158117354104761e+05
7.441158117354104761e+05
7.501158117354104761e+05
7.561158117354104761e+05
7.621158117354104761e+05
7.681158117354104761e+05
7.741158117354104761e+05
7.801158117354104761e+05
7.861158117354104761e+05
7.921158117354104761e+05
7.981158117354104761e+05
8.041158117354104761e+05
8.101158117354104761e+05
8.161158117354104761e+05
8.221158117354104761e+05
8.281158117354104761e+05
8.341158117354104761e+05
8.401158117354104761e+05
8.461158117354104761e+05
8.521158117354104761e+05
8.581158117354104761e+05
8.641158117354104761e+05
8.701158117354104761e+05
8.761158117354104761e+05
8.821158117354104761e+05
8.881158117354104761e+05
8.941158117354104761e+05
9.001158117354104761e+05
9.061158117354104761e+05
9.121158117354104761e+05
9.181158117354104761e+05
9.241158117354104761e+05
9.301158117354104761e+05
9.361158117354104761e+05
9.421158117354104761e+05
9.481158117354104761e+05
9.541158117354104761e+05
9.601158117354104761e+05
9.661158117354103597e+05
9.721158117354103597e+05
9.781158117354103597e+05
9.841158117354103597e+05
9.901158117354103597e+05
9.961158117354103597e+05
1.002115811735410360e+06
1.008115811735410360e+06
1.014115811735410360e+06
1.020115811735410360e+06
1.026115811735410360e+06
1.032115811735410360e+06
1.038115811735410360e+06
1.044115811735410360e+06
1.050115811735410476e+06
1.056115811735410476e+06
