1.210706751421540730e+03 1.650000000000000000e+01
1.210480933486496951e+03 4.950000000000000000e+01
1.208673015006186461e+03 8.250000000000000000e+01
1.208406546167324450e+03 1.155000000000000000e+02
1.207411923527106637e+03 1.485000000000000000e+02
1.207482503161798604e+03 1.815000000000000000e+02
1.207202925564023872e+03 2.145000000000000000e+02
1.207035083386901078e+03 2.475000000000000000e+02
1.206595230261450070e+03 2.805000000000000000e+02
1.204500000000000000e+03 2.828826812839260469e+02
1.176189094846614807e+03 3.135000000000000000e+02
1.175908122398258683e+03 3.465000000000000000e+02
1.174406840931699207e+03 3.795000000000000000e+02
1.173766499012626582e+03 4.125000000000000000e+02
1.171839616049731831e+03 4.455000000000000000e+02
1.171706482871394883e+03 4.785000000000000000e+02
1.171506728847675959e+03 5.115000000000000000e+02
1.171500000000000000e+03 5.116020735591328616e+02
1.162231145433440361e+03 5.445000000000000000e+02
1.156272124792817522e+03 5.775000000000000000e+02
1.155069684452827460e+03 6.105000000000000000e+02
1.142494499117231499e+03 6.435000000000000000e+02
1.139476033895502042e+03 6.765000000000000000e+02
1.138774946403827016e+03 7.095000000000000000e+02
1.138500000000000000e+03 7.113713290782113745e+02
1.125578773585716363e+03 7.425000000000000000e+02
1.118226556194283603e+03 7.755000000000000000e+02
1.111987125541416617e+03 8.085000000000000000e+02
1.111150633711218688e+03 8.415000000000000000e+02
1.105500000000000000e+03 8.580359394197392930e+02
1.095465616174457864e+03 8.745000000000000000e+02
1.086360152869674948e+03 9.075000000000000000e+02
1.072661630319780670e+03 9.405000000000000000e+02
1.072500000000000000e+03 9.411320054996921272e+02
1.064622500019512927e+03 9.735000000000000000e+02
1.064267437718304791e+03 1.006500000000000000e+03
1.050926529631469521e+03 1.039500000000000000e+03
1.039500000000000000e+03 1.057160459429711636e+03
1.032158878264330951e+03 1.072500000000000000e+03
1.028841978663476084e+03 1.105500000000000000e+03
1.019324071925807289e+03 1.138500000000000000e+03
1.006574373479889005e+03 1.171500000000000000e+03
1.006500000000000000e+03 1.171648751531197604e+03
9.965031204782628720e+02 1.204500000000000000e+03
9.910216424583713888e+02 1.237500000000000000e+03
9.792682751402210215e+02 1.270500000000000000e+03
9.744529364551063964e+02 1.303500000000000000e+03
9.735000000000000000e+02 1.306123807765758329e+03
9.607507429842680722e+02 1.336500000000000000e+03
9.438904770414690120e+02 1.369500000000000000e+03
9.406038122936445234e+02 1.402500000000000000e+03
9.405000000000000000e+02 1.403016918181307574e+03
9.243102742741020847e+02 1.435500000000000000e+03
9.078680775275521455e+02 1.468500000000000000e+03
9.075000000000000000e+02 1.470572144631940773e+03
8.913009477757306058e+02 1.501500000000000000e+03
8.746795913963505882e+02 1.534500000000000000e+03
8.745000000000000000e+02 1.535555101812144130e+03
8.582618720448040222e+02 1.567500000000000000e+03
8.415190258894244835e+02 1.600500000000000000e+03
8.415000000000000000e+02 1.600521830272471107e+03
8.133649119172108612e+02 1.633500000000000000e+03
8.085889713058362531e+02 1.666500000000000000e+03
8.085000000000000000e+02 1.666649908524447710e+03
7.865160379180745167e+02 1.699500000000000000e+03
7.812944329184539356e+02 1.732500000000000000e+03
7.755000000000000000e+02 1.745578247763856325e+03
7.540610875585218764e+02 1.765500000000000000e+03
7.425000000000000000e+02 1.772340702486788814e+03
7.095000000000000000e+02 1.778834358368430003e+03
6.765000000000000000e+02 1.787916386754143105e+03
6.604090493277838050e+02 1.798500000000000000e+03
6.435000000000000000e+02 1.807252237388356434e+03
6.276599626847877289e+02 1.831500000000000000e+03
6.249701820286192060e+02 1.864500000000000000e+03
6.105000000000000000e+02 1.889273367683153310e+03
6.039325035054419004e+02 1.897500000000000000e+03
5.947927332791475692e+02 1.930500000000000000e+03
5.865111042634181331e+02 1.963500000000000000e+03
5.775000000000000000e+02 1.980774970212379685e+03
5.467865208887891413e+02 1.996500000000000000e+03
5.445000000000000000e+02 1.997342918725409845e+03
5.115000000000000000e+02 2.005978140033470709e+03
4.785000000000000000e+02 2.017531756082007860e+03
4.723851034818122230e+02 2.029500000000000000e+03
4.626865564956978574e+02 2.062500000000000000e+03
4.628033852656340628e+02 2.095500000000000000e+03
4.578926414987072349e+02 2.128500000000000000e+03
4.455000000000000000e+02 2.146612670236981103e+03
4.309649806810265318e+02 2.161500000000000000e+03
4.125000000000000000e+02 2.178439834511156278e+03
3.795000000000000000e+02 2.184553558522367894e+03
3.483465236798576257e+02 2.194500000000000000e+03
3.465000000000000000e+02 2.196128778692846481e+03
3.137212031258971479e+02 2.227500000000000000e+03
3.135000000000000000e+02 2.227614003515720924e+03
2.805000000000000000e+02 2.244636751820835343e+03
2.488245540373267772e+02 2.260500000000000000e+03
2.475000000000000000e+02 2.261764217930371160e+03
2.146597243993316795e+02 2.293500000000000000e+03
2.145000000000000000e+02 2.293580933982526403e+03
1.815000000000000000e+02 2.297561199003966976e+03
1.495341456496974502e+02 2.326500000000000000e+03
1.485000000000000000e+02 2.327477173296650108e+03
1.155000000000000000e+02 2.344539725004704906e+03
8.525287215201957736e+01 2.359500000000000000e+03
8.250000000000000000e+01 2.361909267138653831e+03
4.989976516773252513e+01 2.392500000000000000e+03
4.950000000000000000e+01 2.392709127262990023e+03
1.650000000000000000e+01 2.409577317659513483e+03
-1.499894831932605221e+01 2.425500000000000000e+03
-1.650000000000000000e+01 2.426924119644016628e+03
-4.944963251919362079e+01 2.458500000000000000e+03
-4.950000000000000000e+01 2.458525755472633591e+03
-8.250000000000000000e+01 2.475287781910009016e+03
-1.146549941923739624e+02 2.491500000000000000e+03
-1.155000000000000000e+02 2.492319806118274300e+03
-1.485000000000000000e+02 2.509013498508231805e+03
-1.792733719772354561e+02 2.524500000000000000e+03
-1.815000000000000000e+02 2.526601727671981280e+03
-2.136366825578305964e+02 2.557500000000000000e+03
-2.145000000000000000e+02 2.558341115842660656e+03
-2.474973804215247242e+02 2.590500000000000000e+03
-2.475000000000000000e+02 2.590501330438601144e+03
-2.805000000000000000e+02 2.607362149424427571e+03
-3.123798164082732569e+02 2.623500000000000000e+03
-3.135000000000000000e+02 2.624583151991376781e+03
-3.460650997544344705e+02 2.656500000000000000e+03
-3.465000000000000000e+02 2.656722189139768943e+03
-3.795000000000000000e+02 2.673632818569401934e+03
-4.103554786961916534e+02 2.689500000000000000e+03
-4.125000000000000000e+02 2.691592223517205639e+03
-4.447104798582957415e+02 2.722500000000000000e+03
-4.455000000000000000e+02 2.723268453154339113e+03
-4.784757309266463494e+02 2.755500000000000000e+03
-4.785000000000000000e+02 2.755512348001809642e+03
-5.115000000000000000e+02 2.758082276648768129e+03
-5.435748101109256822e+02 2.788500000000000000e+03
-5.445000000000000000e+02 2.788973070175884004e+03
-5.775000000000000000e+02 2.805541135641107758e+03
-6.105000000000000000e+02 2.810603079236953363e+03
-6.223752458204380673e+02 2.821500000000000000e+03
-6.435000000000000000e+02 2.834160972797118120e+03
-6.765000000000000000e+02 2.840672888568906274e+03
-7.079810528002830097e+02 2.854500000000000000e+03
-7.095000000000000000e+02 2.855160614794806406e+03
-7.425000000000000000e+02 2.859642163110964248e+03
-7.755000000000000000e+02 2.873930748690964265e+03
-8.085000000000000000e+02 2.877965209875560504e+03
-8.323773686414248232e+02 2.887500000000000000e+03
-8.415000000000000000e+02 2.892785508187905180e+03
-8.745000000000000000e+02 2.899852496466969569e+03
-9.075000000000000000e+02 2.909043575238449193e+03
-9.358954726050558293e+02 2.920500000000000000e+03
-9.405000000000000000e+02 2.922428810586252894e+03
-9.735000000000000000e+02 2.926942323477742320e+03
-1.006500000000000000e+03 2.931399664887864674e+03
-1.039500000000000000e+03 2.940504401293736009e+03
-1.072500000000000000e+03 2.942271332599651942e+03
-1.101656445562913405e+03 2.953500000000000000e+03
-1.105500000000000000e+03 2.955081413602881639e+03
-1.138500000000000000e+03 2.958977987401864993e+03
-1.171500000000000000e+03 2.973137803469750907e+03
-1.204500000000000000e+03 2.986717801504715226e+03
-1.237500000000000000e+03 2.989434861397119221e+03
-1.270500000000000000e+03 2.990976721454550443e+03
-1.303500000000000000e+03 2.996159148716166783e+03
-1.336500000000000000e+03 3.006130225219666045e+03
-1.369500000000000000e+03 3.008926506032640646e+03
-1.402500000000000000e+03 3.021686699507466074e+03
-1.435500000000000000e+03 3.022769993183411771e+03
-1.468500000000000000e+03 3.023545950198452374e+03
-1.501500000000000000e+03 3.026746923672330922e+03
-1.534500000000000000e+03 3.028379103199636575e+03
-1.567500000000000000e+03 3.038109991474248091e+03
-1.600500000000000000e+03 3.038975385725181241e+03
-1.633500000000000000e+03 3.039726417680531085e+03
-1.666500000000000000e+03 3.040746330932398905e+03
-1.699500000000000000e+03 3.041573064658131898e+03
-1.732500000000000000e+03 3.053204658330828352e+03
-1.765500000000000000e+03 3.053756374946652613e+03
-1.798500000000000000e+03 3.054718494559502687e+03
-1.831500000000000000e+03 3.055128900683015218e+03
-1.864500000000000000e+03 3.055137599746009982e+03
-1.897500000000000000e+03 3.054884745561440013e+03
-1.930500000000000000e+03 3.054628037473050426e+03
-1.963500000000000000e+03 3.054144265026103312e+03
-1.996500000000000000e+03 3.053605786437051393e+03
-2.029500000000000000e+03 3.052902821252741433e+03
-2.062500000000000000e+03 3.044692918756775271e+03
-2.095500000000000000e+03 3.044397512374993767e+03
-2.128500000000000000e+03 3.044197839848976855e+03
-2.161500000000000000e+03 3.040851023215603618e+03
-2.194500000000000000e+03 3.040375086314830241e+03
-2.227500000000000000e+03 3.040252048871550869e+03
-2.260500000000000000e+03 3.039807147971159793e+03
-2.293500000000000000e+03 3.039345863973703672e+03
-2.326500000000000000e+03 3.038851907828448930e+03
-2.359500000000000000e+03 3.038226010601068992e+03
-2.392500000000000000e+03 3.037523499931496644e+03
-2.425500000000000000e+03 3.036737480373674316e+03
-2.458500000000000000e+03 3.027088287803069761e+03
-2.491500000000000000e+03 3.023970664616168051e+03
-2.524500000000000000e+03 3.023602186790234555e+03
-2.557500000000000000e+03 3.023336019904353179e+03
-2.590500000000000000e+03 3.022897740398423139e+03
-2.623500000000000000e+03 3.022311150686524343e+03
-2.656500000000000000e+03 3.021465260747214870e+03
-2.689500000000000000e+03 3.020558953480356649e+03
-2.722500000000000000e+03 3.019733097275816363e+03
-2.755500000000000000e+03 3.019501877561791389e+03
-2.788500000000000000e+03 3.006538793718034412e+03
-2.821500000000000000e+03 3.005691785586058359e+03
-2.854500000000000000e+03 3.004428871882978456e+03
-2.887500000000000000e+03 2.995100310494610767e+03
-2.920500000000000000e+03 2.990084161358535766e+03
-2.953500000000000000e+03 2.988569010168379918e+03
-2.986500000000000000e+03 2.963165865480793855e+03
-3.019500000000000000e+03 2.958599571420614211e+03
-3.025650616210011776e+03 2.953500000000000000e+03
-3.025254830140135709e+03 2.920500000000000000e+03
-3.052500000000000000e+03 2.907252229012660337e+03
-3.085500000000000000e+03 2.887934856225087970e+03
-3.085888482057689998e+03 2.887500000000000000e+03
-3.118500000000000000e+03 2.881432251768116657e+03
-3.151500000000000000e+03 2.877057830669706618e+03
-3.184500000000000000e+03 2.874589976529350679e+03
-3.217500000000000000e+03 2.867997639873055959e+03
-3.234064130916290196e+03 2.854500000000000000e+03
-3.250500000000000000e+03 2.843948181535856747e+03
-3.283500000000000000e+03 2.840598542858957899e+03
-3.316500000000000000e+03 2.836119386303588271e+03
-3.349500000000000000e+03 2.834017333938153570e+03
-3.382500000000000000e+03 2.821508677623861786e+03
-3.382516971105000266e+03 2.821500000000000000e+03
-3.415500000000000000e+03 2.805421452530679744e+03
-3.448500000000000000e+03 2.798178973282640982e+03
-3.481500000000000000e+03 2.793237616976281970e+03
-3.498054931264945481e+03 2.788500000000000000e+03
-3.514500000000000000e+03 2.788236417931887900e+03
-3.547500000000000000e+03 2.758027421268592661e+03
-3.554878733804805961e+03 2.755500000000000000e+03
-3.557157004265379328e+03 2.689500000000000000e+03
-3.580367995876264558e+03 2.722500000000000000e+03
-3.580500000000000000e+03 2.656541998908660389e+03
-3.580529478703046152e+03 2.656500000000000000e+03
-3.613500000000000000e+03 2.642008390719750423e+03
-3.630354324801300663e+03 2.623500000000000000e+03
-3.646500000000000000e+03 2.618176971564076666e+03
-3.679500000000000000e+03 2.612587066774898176e+03
-3.712500000000000000e+03 2.607371903169288998e+03
-3.745500000000000000e+03 2.590540822765921348e+03
-3.745553477734888475e+03 2.590500000000000000e+03
-3.778500000000000000e+03 2.574609674572591302e+03
-3.811500000000000000e+03 2.568820710626036998e+03
-3.844500000000000000e+03 2.563148456049399556e+03
-3.855769837039870254e+03 2.557500000000000000e+03
-3.877500000000000000e+03 2.542293335286535239e+03
-3.910500000000000000e+03 2.530130095654522393e+03
-3.943500000000000000e+03 2.524844971402039846e+03
-3.945821860143732010e+03 2.524500000000000000e+03
-3.976500000000000000e+03 2.508476569273165296e+03
-3.996910933125748670e+03 2.491500000000000000e+03
-3.996774518097940017e+03 2.458500000000000000e+03
-3.989437422029456684e+03 2.425500000000000000e+03
-4.009500000000000000e+03 2.392797346857970751e+03
-4.009612339978552882e+03 2.392500000000000000e+03
-4.042500000000000000e+03 2.383324319306843790e+03
-4.063292090522336821e+03 2.359500000000000000e+03
-4.075500000000000000e+03 2.348897382262398878e+03
-4.108500000000000000e+03 2.347231381736175535e+03
-4.127463250898075785e+03 2.326500000000000000e+03
-4.141500000000000000e+03 2.310620855698441119e+03
-4.174500000000000000e+03 2.304977123336052955e+03
-4.185773162236608187e+03 2.293500000000000000e+03
-4.207500000000000000e+03 2.275029469466863702e+03
-4.240500000000000000e+03 2.269289507700071226e+03
-4.257387131172176851e+03 2.260500000000000000e+03
-4.273500000000000000e+03 2.245746136349110202e+03
-4.306500000000000000e+03 2.241830872735677076e+03
-4.339500000000000000e+03 2.230693897153442322e+03
-4.346991229643514998e+03 2.227500000000000000e+03
-4.362425723261968415e+03 2.194500000000000000e+03
-4.372500000000000000e+03 2.178267659721995187e+03
-4.379659853281111282e+03 2.161500000000000000e+03
-4.381022368631851350e+03 2.128500000000000000e+03
-4.405500000000000000e+03 2.098137274495435577e+03
-4.407598179089958649e+03 2.095500000000000000e+03
-4.438500000000000000e+03 2.073073965590703665e+03
-4.449222197232015787e+03 2.062500000000000000e+03
-4.471500000000000000e+03 2.039924590326898169e+03
-4.482142572963211933e+03 2.029500000000000000e+03
-4.504500000000000000e+03 2.002601181744277028e+03
-4.510776840906738471e+03 1.996500000000000000e+03
-4.517050204180860419e+03 1.963500000000000000e+03
-4.537500000000000000e+03 1.942116000923849242e+03
-4.549386504754020280e+03 1.930500000000000000e+03
-4.570500000000000000e+03 1.908905740795702059e+03
-4.582316205443301442e+03 1.897500000000000000e+03
-4.587747617593074210e+03 1.864500000000000000e+03
-4.603500000000000000e+03 1.848342397127940785e+03
-4.620394699203241544e+03 1.831500000000000000e+03
-4.625764893326970196e+03 1.798500000000000000e+03
-4.636500000000000000e+03 1.787612996282027780e+03
-4.656187253074163891e+03 1.765500000000000000e+03
-4.669500000000000000e+03 1.749769866580839334e+03
-4.687101118633304395e+03 1.732500000000000000e+03
-4.692074700617738017e+03 1.699500000000000000e+03
-4.702500000000000000e+03 1.683285809795119803e+03
-4.719410533571341148e+03 1.666500000000000000e+03
-4.724601530275247569e+03 1.633500000000000000e+03
-4.729300534092028101e+03 1.600500000000000000e+03
-4.735500000000000000e+03 1.593935331847897714e+03
-4.757935064934079492e+03 1.567500000000000000e+03
-4.762147890860997904e+03 1.534500000000000000e+03
-4.768500000000000000e+03 1.501687311995713571e+03
-4.768621117560345738e+03 1.501500000000000000e+03
-4.795056438736403834e+03 1.468500000000000000e+03
-4.796580729066462482e+03 1.435500000000000000e+03
-4.801500000000000000e+03 1.425319525025125358e+03
-4.825013372373889069e+03 1.402500000000000000e+03
-4.834500000000000000e+03 1.370546113321194298e+03
-4.835837343367138601e+03 1.369500000000000000e+03
-4.867500000000000000e+03 1.342055872090455296e+03
-4.874572923887753859e+03 1.336500000000000000e+03
-4.900500000000000000e+03 1.314357586360242067e+03
-4.907775671361864624e+03 1.303500000000000000e+03
-4.933500000000000000e+03 1.276609816617853312e+03
-4.934481655002409752e+03 1.270500000000000000e+03
-4.943832454990680162e+03 1.237500000000000000e+03
-4.966500000000000000e+03 1.208879368613144834e+03
-4.967309855506759959e+03 1.204500000000000000e+03
-4.968480233910933748e+03 1.171500000000000000e+03
-4.984944705746616819e+03 1.138500000000000000e+03
-4.999500000000000000e+03 1.107568846751692718e+03
-4.999936959613011823e+03 1.105500000000000000e+03
-5.006709437779679320e+03 1.072500000000000000e+03
-5.007329557252587620e+03 1.039500000000000000e+03
-5.010001577890743647e+03 1.006500000000000000e+03
-5.032500000000000000e+03 9.735187393548823138e+02
-5.032515061677007907e+03 9.735000000000000000e+02
-5.039836667383355234e+03 9.405000000000000000e+02
-5.041485763894607771e+03 9.075000000000000000e+02
-5.042013516338711270e+03 8.745000000000000000e+02
-5.046469985662673025e+03 8.415000000000000000e+02
-5.049554954500451458e+03 8.085000000000000000e+02
-5.055154079811160045e+03 7.755000000000000000e+02
-5.065500000000000000e+03 7.428991509276672787e+02
-5.065654755515384750e+03 7.425000000000000000e+02
-5.067406735874133119e+03 7.095000000000000000e+02
-5.077252026352105531e+03 6.765000000000000000e+02
-5.077990095592483158e+03 6.435000000000000000e+02
-5.078046631558328045e+03 6.105000000000000000e+02
-5.078993340233005256e+03 5.775000000000000000e+02
-5.083789126352335188e+03 5.445000000000000000e+02
-5.088422243762481230e+03 5.115000000000000000e+02
-5.088537437583578139e+03 4.785000000000000000e+02
-5.098500000000000000e+03 4.455284303412595364e+02
-5.098514972283720454e+03 4.455000000000000000e+02
-5.100072824242251954e+03 4.125000000000000000e+02
-5.106851818453671513e+03 3.795000000000000000e+02
-5.118154655609096153e+03 3.465000000000000000e+02
-5.120334538818264264e+03 3.135000000000000000e+02
-5.131500000000000000e+03 2.827137933919792658e+02
-5.132330653744480514e+03 2.805000000000000000e+02
-5.132653935689489117e+03 2.475000000000000000e+02
-5.133419871648077788e+03 2.145000000000000000e+02
-5.132674807854081337e+03 1.815000000000000000e+02
-5.132671137438167534e+03 1.485000000000000000e+02
-5.133140785308861268e+03 1.155000000000000000e+02
-5.135123250688540793e+03 8.250000000000000000e+01
-5.197500000000000000e+03 8.157685309383126082e+01
-5.230500000000000000e+03 8.093720633515327734e+01
-5.135947474462295759e+03 4.950000000000000000e+01
-5.164500000000000000e+03 4.896442922878715365e+01
-5.263500000000000000e+03 4.755529915154627929e+01
-5.294179839479092152e+03 1.650000000000000000e+01
