1.021108738524221735e+03
3.102110873852420991e+04
6.102110873852419900e+04
9.102110873852419900e+04
1.210211087385241844e+05
1.510211087385241699e+05
1.810211087385241699e+05
2.110211087385241408e+05
2.410211087385241408e+05
2.710211087385240826e+05
3.010211087385240826e+05
3.310211087385240826e+05
3.610211087385240826e+05
3.910211087385240826e+05
4.210211087385240244e+05
4.510211087385240244e+05
4.810211087385240244e+05
5.110211087385240244e+05
5.410211087385240244e+05
5.710211087385240244e+05
6.010211087385240244e+05
6.310211087385240244e+05
6.610211087385240244e+05
6.910211087385240244e+05
7.210211087385240244e+05
7.510211087385240244e+05
7.810211087385240244e+05
8.110211087385239080e+05
8.410211087385239080e+05
8.710211087385239080e+05
9.010211087385239080e+05
9.310211087385239080e+05
9.610211087385239080e+05
9.910211087385239080e+05
1.021021108738523908e+06
1.051021108738523675e+06
1.081021108738523675e+06
1.111021108738523675e+06
1.141021108738523675e+06
1.171021108738523675e+06
1.201021108738523675e+06
1.231021108738523675e+06
1.261021108738523675e+06
1.291021108738523675e+06
1.321021108738523675e+06
1.351021108738523675e+06
1.381021108738523675e+06
1.411021108738523675e+06
1.441021108738523675e+06
1.471021108738523675e+06
1.501021108738523675e+06
1.531021108738523675e+06
1.561021108738523675e+06
1.591021108738523675e+06
1.621021108738523442e+06
1.651021108738523442e+06
1.681021108738523442e+06
1.711021108738523442e+06
1.741021108738523442e+06
1.771021108738523442e+06
1.801021108738523442e+06
1.831021108738523442e+06
1.861021108738523442e+06
1.891021108738523442e+06
1.921021108738523442e+06
1.951021108738523442e+06
1.981021108738523442e+06
2.011021108738523442e+06
2.041021108738523442e+06
2.071021108738523442e+06
2.101021108738523442e+06
2.131021108738523442e+06
2.161021108738523442e+06
2.191021108738523442e+06
2.221021108738523442e+06
2.251021108738523442e+06
2.281021108738523442e+06
2.311021108738523442e+06
2.341021108738523442e+06
2.371021108738523442e+06
2.401021108738523442e+06
2.431021108738523442e+06
2.461021108738523442e+06
2.491021108738523442e+06
2.521021108738523442e+06
2.551021108738523442e+06
2.581021108738523442e+06
2.611021108738523442e+06
2.641021108738523442e+06
