1.204959645617233764e+04 5.000000000000000000e+02
1.190462525373419521e+04 1.500000000000000000e+03
1.150610886235512226e+04 2.500000000000000000e+03
1.150000000000000000e+04 2.506037821982728474e+03
1.081189827742152011e+04 3.500000000000000000e+03
1.050000000000000000e+04 3.834948483271758960e+03
1.000167634260088744e+04 4.500000000000000000e+03
9.761142664939785391e+03 5.500000000000000000e+03
9.500000000000000000e+03 5.838626565901795402e+03
9.104251155602738436e+03 6.500000000000000000e+03
8.764841498686009800e+03 7.500000000000000000e+03
8.906447114541424526e+03 8.500000000000000000e+03
8.500150041221735592e+03 9.500000000000000000e+03
8.500000000000000000e+03 9.500557499024953358e+03
8.291264947802163078e+03 1.050000000000000000e+04
8.500522196796753633e+03 1.150000000000000000e+04
8.503610316472324484e+03 1.250000000000000000e+04
8.012219101570177372e+03 1.350000000000000000e+04
8.005078851799324184e+03 1.450000000000000000e+04
7.512496083204465322e+03 1.550000000000000000e+04
7.502076985477012386e+03 1.650000000000000000e+04
7.500000000000000000e+03 1.650541521746126091e+04
6.526519910215713935e+03 1.750000000000000000e+04
6.507276625431692992e+03 1.850000000000000000e+04
6.500000000000000000e+03 1.850983290744623082e+04
6.081219011520403001e+03 1.950000000000000000e+04
5.534251023994876959e+03 2.050000000000000000e+04
5.500926669531099833e+03 2.150000000000000000e+04
5.500000000000000000e+03 2.150183721206400878e+04
4.671513145390114914e+03 2.250000000000000000e+04
4.501109295151387414e+03 2.350000000000000000e+04
4.500000000000000000e+03 2.350197437441658258e+04
3.622520012029446207e+03 2.450000000000000000e+04
3.500000000000000000e+03 2.462304646730272361e+04
3.252194518452434295e+03 2.550000000000000000e+04
2.834312610300340566e+03 2.650000000000000000e+04
2.500000000000000000e+03 2.683646062788537893e+04
1.501364566982419319e+03 2.750000000000000000e+04
1.500000000000000000e+03 2.750136964407260530e+04
5.000000000000000000e+02 2.824338961794978241e+04
2.421995591368680607e+02 2.850000000000000000e+04
-4.999989044530890965e+02 2.950000000000000000e+04
-5.000000000000000000e+02 2.950000170517614242e+04
-1.446741395557363603e+03 3.050000000000000000e+04
-1.500000000000000000e+03 3.055581259191498611e+04
-1.982147411921533603e+03 3.150000000000000000e+04
-2.499963706352493318e+03 3.250000000000000000e+04
-2.500000000000000000e+03 3.250003510993662348e+04
-2.994959095663740300e+03 3.350000000000000000e+04
-3.500000000000000000e+03 3.409724884493856371e+04
-3.898694348820095911e+03 3.450000000000000000e+04
-4.499578565739015175e+03 3.550000000000000000e+04
-4.500000000000000000e+03 3.550046207546197547e+04
-5.500000000000000000e+03 3.633764205863318784e+04
-5.667980373269337178e+03 3.650000000000000000e+04
-6.499995556222122104e+03 3.750000000000000000e+04
-6.500000000000000000e+03 3.750000539113295235e+04
-7.499997400696497607e+03 3.850000000000000000e+04
-7.500000000000000000e+03 3.850000272011196648e+04
-8.490450261132298692e+03 3.950000000000000000e+04
-8.500000000000000000e+03 3.950756391390676436e+04
-9.500000000000000000e+03 3.958492342980558169e+04
-1.030428135321938680e+04 4.050000000000000000e+04
-1.049628799854192221e+04 4.150000000000000000e+04
-1.050000000000000000e+04 4.150171857569270651e+04
-1.150000000000000000e+04 4.158472260897558590e+04
-1.240527449172271190e+04 4.250000000000000000e+04
-1.250000000000000000e+04 4.256125123595639889e+04
-1.349999787439028296e+04 4.350000000000000000e+04
-1.350000000000000000e+04 4.350000213595091191e+04
-1.450000000000000000e+04 4.403214806830567977e+04
-1.518780995917248947e+04 4.450000000000000000e+04
-1.550000000000000000e+04 4.478942230039484275e+04
-1.629327286139759781e+04 4.550000000000000000e+04
-1.650000000000000000e+04 4.566716684115969110e+04
-1.750000000000000000e+04 4.614930646270911529e+04
-1.786786844071170708e+04 4.650000000000000000e+04
-1.850000000000000000e+04 4.707802452029072447e+04
-1.921647727636690979e+04 4.750000000000000000e+04
-1.950000000000000000e+04 4.765164599098653707e+04
-2.050000000000000000e+04 4.809871313417178317e+04
-2.133307747662521433e+04 4.850000000000000000e+04
-2.150000000000000000e+04 4.856950875865914713e+04
-2.250000000000000000e+04 4.878000459995908750e+04
-2.350000000000000000e+04 4.913857687766847812e+04
-2.387311504513306500e+04 4.950000000000000000e+04
-2.450000000000000000e+04 4.988979460849471070e+04
-2.550000000000000000e+04 5.014600698556287534e+04
-2.588218174261032618e+04 5.050000000000000000e+04
-2.650000000000000000e+04 5.090989009768826509e+04
-2.750000000000000000e+04 5.112150601594267937e+04
-2.834056947346247398e+04 5.150000000000000000e+04
-2.850000000000000000e+04 5.161800693924745428e+04
-2.950000000000000000e+04 5.188808571399214998e+04
-3.044739048797165742e+04 5.250000000000000000e+04
-3.050000000000000000e+04 5.253871483217924106e+04
-3.150000000000000000e+04 5.304970422072878137e+04
-3.250000000000000000e+04 5.317999294765914965e+04
-3.327307860439369688e+04 5.350000000000000000e+04
-3.350000000000000000e+04 5.364327209632015729e+04
-3.450000000000000000e+04 5.381799453984604042e+04
-3.550000000000000000e+04 5.416771332089791395e+04
-3.627185345422924001e+04 5.450000000000000000e+04
-3.650000000000000000e+04 5.464275496444038436e+04
-3.750000000000000000e+04 5.506473771660371858e+04
-3.850000000000000000e+04 5.515071655194103369e+04
-3.932977781609994418e+04 5.550000000000000000e+04
-3.950000000000000000e+04 5.557673263079758181e+04
-4.050000000000000000e+04 5.574476129377840698e+04
-4.150000000000000000e+04 5.588539080521984579e+04
-4.250000000000000000e+04 5.618025327881078556e+04
-4.350000000000000000e+04 5.661665644054894801e+04
-4.450000000000000000e+04 5.674194310819604289e+04
-4.550000000000000000e+04 5.711075070112386311e+04
-4.650000000000000000e+04 5.722821571177952137e+04
-4.750000000000000000e+04 5.759391769144043064e+04
-4.850000000000000000e+04 5.768019670196861989e+04
-4.950000000000000000e+04 5.773830957641321584e+04
-5.050000000000000000e+04 5.779052114048198564e+04
-5.150000000000000000e+04 5.783399360635754419e+04
-5.250000000000000000e+04 5.785420659925371729e+04
-5.350000000000000000e+04 5.791307351774528797e+04
-5.450000000000000000e+04 5.797725240287220367e+04
-5.550000000000000000e+04 5.851645303607741516e+04
-5.650000000000000000e+04 5.853537570263591624e+04
-5.750000000000000000e+04 5.855238267087159329e+04
-5.850000000000000000e+04 5.858911841715613264e+04
-5.950000000000000000e+04 5.858746947508841549e+04
-6.050000000000000000e+04 5.856828022600171244e+04
-6.150000000000000000e+04 5.853915425925586169e+04
-6.250000000000000000e+04 5.798936187576139491e+04
-6.350000000000000000e+04 5.793674633212226763e+04
-6.450000000000000000e+04 5.788395800009799132e+04
-6.550000000000000000e+04 5.782441277164754865e+04
-6.650000000000000000e+04 5.776599891824506631e+04
-6.750000000000000000e+04 5.771189909799023735e+04
-6.850000000000000000e+04 5.764800324910392374e+04
-6.950000000000000000e+04 5.758590925846858590e+04
-7.050000000000000000e+04 5.750731434159629134e+04
-7.150000000000000000e+04 5.687735489180338482e+04
-7.250000000000000000e+04 5.675193611892739864e+04
-7.350000000000000000e+04 5.663768675800482015e+04
-7.450000000000000000e+04 5.650183239037734893e+04
-7.550000000000000000e+04 5.572678482534757495e+04
-7.650000000000000000e+04 5.552252819779202400e+04
-7.653044424331076152e+04 5.550000000000000000e+04
-7.750000000000000000e+04 5.511159128415887972e+04
-7.850000000000000000e+04 5.464713789386158896e+04
-7.950000000000000000e+04 5.450864783378596621e+04
-7.951092445189232239e+04 5.450000000000000000e+04
-8.050000000000000000e+04 5.377735693306512985e+04
-8.150000000000000000e+04 5.353259929236973403e+04
-8.250000000000000000e+04 5.350030324053281220e+04
-8.250041630444099428e+04 5.350000000000000000e+04
-8.350000000000000000e+04 5.275538909814903309e+04
-8.450000000000000000e+04 5.253706964549732947e+04
-8.454827847339821164e+04 5.250000000000000000e+04
-8.550000000000000000e+04 5.177761716150484426e+04
-8.650000000000000000e+04 5.156527910441992572e+04
-8.658603190062234353e+04 5.150000000000000000e+04
-8.750000000000000000e+04 5.074807092778521474e+04
-8.772623062469380966e+04 5.050000000000000000e+04
-8.850000000000000000e+04 4.978930667760011420e+04
-8.950000000000000000e+04 4.954891996387139079e+04
-8.954635892411076929e+04 4.950000000000000000e+04
-9.050000000000000000e+04 4.910153191459421214e+04
-9.150000000000000000e+04 4.857825691909123270e+04
-9.250000000000000000e+04 4.850127120073532569e+04
-9.250226443832057703e+04 4.850000000000000000e+04
-9.350000000000000000e+04 4.771849449366788031e+04
-9.450000000000000000e+04 4.752425112075782818e+04
-9.454715012651830330e+04 4.750000000000000000e+04
-9.550000000000000000e+04 4.683037787300032505e+04
-9.650000000000000000e+04 4.659038563895312836e+04
-9.667165134439330723e+04 4.650000000000000000e+04
-9.750000000000000000e+04 4.580068499211700691e+04
-9.850000000000000000e+04 4.553399022424071882e+04
-9.859113306674505293e+04 4.550000000000000000e+04
-9.950000000000000000e+04 4.464587795907515101e+04
-9.966972054274618858e+04 4.450000000000000000e+04
-1.005000000000000000e+05 4.366097785705174465e+04
-1.007061150645729795e+05 4.350000000000000000e+04
-1.015000000000000000e+05 4.267609677418309730e+04
-1.016826567331107362e+05 4.250000000000000000e+04
-1.018381165659641410e+05 4.150000000000000000e+04
-1.018476991136980214e+05 4.050000000000000000e+04
-1.025000000000000000e+05 3.967932438289378479e+04
-1.026761824738549913e+05 3.950000000000000000e+04
-1.035000000000000000e+05 3.891424004168058309e+04
-1.038635112127349857e+05 3.850000000000000000e+04
-1.037066644994332601e+05 3.750000000000000000e+04
-1.045000000000000000e+05 3.653447958453433239e+04
-1.045216482222207705e+05 3.650000000000000000e+04
-1.055000000000000000e+05 3.559233906484667386e+04
-1.065000000000000000e+05 3.550578392362468003e+04
-1.065055319576522452e+05 3.550000000000000000e+04
-1.075000000000000000e+05 3.457263138735891698e+04
-1.075682682642172731e+05 3.450000000000000000e+04
-1.080380061074233818e+05 3.350000000000000000e+04
-1.085000000000000000e+05 3.251780898305193477e+04
-1.085176425523847720e+05 3.250000000000000000e+04
-1.090419637657579005e+05 3.150000000000000000e+04
-1.095000000000000000e+05 3.052151930541769616e+04
-1.095221067461467610e+05 3.050000000000000000e+04
-1.101026769424881204e+05 2.950000000000000000e+04
-1.105000000000000000e+05 2.852829719015567025e+04
-1.105310164191872609e+05 2.850000000000000000e+04
-1.115000000000000000e+05 2.750397021487522943e+04
-1.115046008507572260e+05 2.750000000000000000e+04
-1.116458014071287762e+05 2.650000000000000000e+04
-1.125000000000000000e+05 2.552430711852305831e+04
-1.125299955301006848e+05 2.550000000000000000e+04
-1.135000000000000000e+05 2.456019018058891015e+04
-1.135652639470266295e+05 2.450000000000000000e+04
-1.145000000000000000e+05 2.381206207916681524e+04
-1.147611831376222690e+05 2.350000000000000000e+04
-1.145740324165415950e+05 2.250000000000000000e+04
-1.155000000000000000e+05 2.177132475214929218e+04
-1.157442865678329981e+05 2.150000000000000000e+04
-1.155257315055441431e+05 2.050000000000000000e+04
-1.165000000000000000e+05 1.984149852548560375e+04
-1.167476551531504520e+05 1.950000000000000000e+04
-1.175000000000000000e+05 1.875312936478159099e+04
-1.177411692648267053e+05 1.850000000000000000e+04
-1.177946095115200587e+05 1.750000000000000000e+04
-1.175691266411126271e+05 1.650000000000000000e+04
-1.185000000000000000e+05 1.583857999207114335e+04
-1.187222360079185310e+05 1.550000000000000000e+04
-1.189049042863213690e+05 1.450000000000000000e+04
-1.196737311140689417e+05 1.350000000000000000e+04
-1.197729263939007215e+05 1.250000000000000000e+04
-1.198821888177216024e+05 1.150000000000000000e+04
-1.199606267736232694e+05 1.050000000000000000e+04
-1.198997564059036376e+05 9.500000000000000000e+03
-1.205362265638243261e+05 8.500000000000000000e+03
-1.206220639306310768e+05 7.500000000000000000e+03
-1.206400677939727757e+05 6.500000000000000000e+03
-1.205476163689164823e+05 5.500000000000000000e+03
-1.198186450964757678e+05 4.500000000000000000e+03
-1.195515983679158235e+05 3.500000000000000000e+03
-1.192605172679681418e+05 2.500000000000000000e+03
-1.193291260786133498e+05 1.500000000000000000e+03
-1.191068701612777513e+05 5.000000000000000000e+02
