2.293848685209021824e+03
1.222938486852089700e+05
2.422938486852089118e+05
3.622938486852088245e+05
4.822938486852087663e+05
6.022938486852088245e+05
7.222938486852087080e+05
8.422938486852085916e+05
9.622938486852085916e+05
1.082293848685208475e+06
1.202293848685208475e+06
1.322293848685208242e+06
1.442293848685208242e+06
1.562293848685208242e+06
1.682293848685208010e+06
1.802293848685208010e+06
1.922293848685208010e+06
2.042293848685208010e+06
2.162293848685208242e+06
2.282293848685208242e+06
2.402293848685208242e+06
2.522293848685207777e+06
2.642293848685207777e+06
2.762293848685207777e+06
2.882293848685207777e+06
3.002293848685207777e+06
3.122293848685207777e+06
3.242293848685207777e+06
