2.083462031580929761e+05 2.000000000000000000e+03
2.083455945852985024e+05 6.000000000000000000e+03
2.083445402496685856e+05 1.000000000000000000e+04
2.083432419577619585e+05 1.400000000000000000e+04
2.083418354279277264e+05 1.800000000000000000e+04
2.083402739820829593e+05 2.200000000000000000e+04
2.083153874755714787e+05 2.600000000000000000e+04
2.083132941540580068e+05 3.000000000000000000e+04
2.082588164686055097e+05 3.400000000000000000e+04
2.082562666805559420e+05 3.800000000000000000e+04
2.082272107613091066e+05 4.200000000000000000e+04
2.081970379869873577e+05 4.600000000000000000e+04
2.060000000000000000e+05 4.827217108460226154e+04
2.043826099052532227e+05 5.000000000000000000e+04
2.043786759717733948e+05 5.400000000000000000e+04
2.043502475413065113e+05 5.800000000000000000e+04
2.043228308356665366e+05 6.200000000000000000e+04
2.042639608775203524e+05 6.600000000000000000e+04
2.020000000000000000e+05 6.833603555353173579e+04
2.004167630812313873e+05 7.000000000000000000e+04
2.003882335424085613e+05 7.400000000000000000e+04
2.003292413154661190e+05 7.800000000000000000e+04
2.002677618247918435e+05 8.200000000000000000e+04
1.980000000000000000e+05 8.431256774474708072e+04
1.964203469373876869e+05 8.600000000000000000e+04
1.963876012360056338e+05 9.000000000000000000e+04
1.963029724688795104e+05 9.400000000000000000e+04
1.940000000000000000e+05 9.637321128674555803e+04
1.924523991467393644e+05 9.800000000000000000e+04
1.923907208752371080e+05 1.020000000000000000e+05
1.923055437781939982e+05 1.060000000000000000e+05
1.900000000000000000e+05 1.083454559393587406e+05
1.884277761325825413e+05 1.100000000000000000e+05
1.883638169651390344e+05 1.140000000000000000e+05
1.860000000000000000e+05 1.164041196715315600e+05
1.844562357588135928e+05 1.180000000000000000e+05
1.844006665899543150e+05 1.220000000000000000e+05
1.842767495922773669e+05 1.260000000000000000e+05
1.820000000000000000e+05 1.283165728083657159e+05
1.804014338001716824e+05 1.300000000000000000e+05
1.802791017247807176e+05 1.340000000000000000e+05
1.780000000000000000e+05 1.363173026407738798e+05
1.764018548408314819e+05 1.380000000000000000e+05
1.740000000000000000e+05 1.404419420688504179e+05
1.724928530858223967e+05 1.420000000000000000e+05
1.723754238562971586e+05 1.460000000000000000e+05
1.700000000000000000e+05 1.484153397819114325e+05
1.684681315805393970e+05 1.500000000000000000e+05
1.683467722667455091e+05 1.540000000000000000e+05
1.660000000000000000e+05 1.563866979436634574e+05
1.644414496109624743e+05 1.580000000000000000e+05
1.620000000000000000e+05 1.604443396046150883e+05
1.604707872273300600e+05 1.620000000000000000e+05
1.603510799236969324e+05 1.660000000000000000e+05
1.580000000000000000e+05 1.683877401316944160e+05
1.564162580700211402e+05 1.700000000000000000e+05
1.540000000000000000e+05 1.724203689255538920e+05
1.524475387422631029e+05 1.740000000000000000e+05
1.522965052724881680e+05 1.780000000000000000e+05
1.500000000000000000e+05 1.802981516626836092e+05
1.483595974199340853e+05 1.820000000000000000e+05
1.460000000000000000e+05 1.843624191068096261e+05
1.443916485305051901e+05 1.860000000000000000e+05
1.420000000000000000e+05 1.884298664231619623e+05
1.404572057577419037e+05 1.900000000000000000e+05
1.380000000000000000e+05 1.924582377581949404e+05
1.364593631098982587e+05 1.940000000000000000e+05
1.340000000000000000e+05 1.964606241473708360e+05
1.324857342892037414e+05 1.980000000000000000e+05
1.300000000000000000e+05 2.004920267695209186e+05
1.284927192307511868e+05 2.020000000000000000e+05
1.283416184857697372e+05 2.060000000000000000e+05
1.260000000000000000e+05 2.083493777140514576e+05
1.243804412769610790e+05 2.100000000000000000e+05
1.220000000000000000e+05 2.123341968316556013e+05
1.203336507479053689e+05 2.140000000000000000e+05
1.180000000000000000e+05 2.163314852946174506e+05
1.163312049686656392e+05 2.180000000000000000e+05
1.140000000000000000e+05 2.203297425625162723e+05
1.100000000000000000e+05 2.204862542113731906e+05
1.084855855389699427e+05 2.220000000000000000e+05
1.060000000000000000e+05 2.244840286055188626e+05
1.044577625168139348e+05 2.260000000000000000e+05
1.020000000000000000e+05 2.284201366617085005e+05
1.003921840144006419e+05 2.300000000000000000e+05
9.800000000000000000e+04 2.323888136756506283e+05
9.635954960794687213e+04 2.340000000000000000e+05
9.400000000000000000e+04 2.363575991415602330e+05
9.000000000000000000e+04 2.364840934415879601e+05
8.845692665631351701e+04 2.380000000000000000e+05
8.600000000000000000e+04 2.404163036477250862e+05
8.438792031360430701e+04 2.420000000000000000e+05
8.200000000000000000e+04 2.443861303929279966e+05
7.800000000000000000e+04 2.444717684145439125e+05
7.641925986547174398e+04 2.460000000000000000e+05
7.400000000000000000e+04 2.484148616853189887e+05
7.235789266046327248e+04 2.500000000000000000e+05
7.000000000000000000e+04 2.523177682478074857e+05
6.600000000000000000e+04 2.524421164817957324e+05
6.438719893295950897e+04 2.540000000000000000e+05
6.200000000000000000e+04 2.563482653514953563e+05
5.800000000000000000e+04 2.564427543067825900e+05
5.638750472579271445e+04 2.580000000000000000e+05
5.400000000000000000e+04 2.603491273975648801e+05
5.000000000000000000e+04 2.604426727374152688e+05
4.838720194199950492e+04 2.620000000000000000e+05
4.600000000000000000e+04 2.643477116376365884e+05
4.200000000000000000e+04 2.644419111663340009e+05
4.035807751046259364e+04 2.660000000000000000e+05
3.800000000000000000e+04 2.683168911181780277e+05
3.400000000000000000e+04 2.684409947864075075e+05
3.232754081425637560e+04 2.700000000000000000e+05
3.000000000000000000e+04 2.722859796924344846e+05
2.600000000000000000e+04 2.723785506606543204e+05
2.200000000000000000e+04 2.724421502385530039e+05
2.035782843461070661e+04 2.740000000000000000e+05
1.800000000000000000e+04 2.763162639770167298e+05
1.400000000000000000e+04 2.763804569339264999e+05
1.000000000000000000e+04 2.764671299601407954e+05
8.357670752642181469e+03 2.780000000000000000e+05
6.000000000000000000e+03 2.803161325958310044e+05
2.000000000000000000e+03 2.803791142174777924e+05
-2.000000000000000000e+03 2.804415211329841404e+05
-6.000000000000000000e+03 2.842857660619425005e+05
-1.000000000000000000e+04 2.843461837719939067e+05
-1.400000000000000000e+04 2.843816534715802409e+05
-1.800000000000000000e+04 2.844415894518535351e+05
-2.200000000000000000e+04 2.882543091032389784e+05
-2.600000000000000000e+04 2.883160836737580830e+05
-3.000000000000000000e+04 2.883500268862700905e+05
-3.400000000000000000e+04 2.883826124632201390e+05
-3.800000000000000000e+04 2.884412424428604427e+05
-4.200000000000000000e+04 2.884704728325541364e+05
-4.600000000000000000e+04 2.922548661960529862e+05
-5.000000000000000000e+04 2.922878634019567398e+05
-5.400000000000000000e+04 2.923460298867257079e+05
-5.800000000000000000e+04 2.923495789793898584e+05
-6.200000000000000000e+04 2.923794903269961942e+05
-6.600000000000000000e+04 2.923821761837088270e+05
-7.000000000000000000e+04 2.923848061225216952e+05
-7.400000000000000000e+04 2.923869305808974314e+05
-7.800000000000000000e+04 2.923884204003874329e+05
-8.200000000000000000e+04 2.924109657597784535e+05
-8.600000000000000000e+04 2.924109269416671596e+05
-9.000000000000000000e+04 2.923882665513842949e+05
-9.400000000000000000e+04 2.923865660005948739e+05
-9.800000000000000000e+04 2.923842553393689450e+05
-1.020000000000000000e+05 2.923815108884687070e+05
-1.060000000000000000e+05 2.923791244538894971e+05
-1.100000000000000000e+05 2.923495551491960068e+05
-1.140000000000000000e+05 2.923461229784183670e+05
-1.180000000000000000e+05 2.923158375460601528e+05
-1.220000000000000000e+05 2.922539414304855163e+05
-1.260000000000000000e+05 2.921869833790163393e+05
-1.300000000000000000e+05 2.884150995357069769e+05
-1.340000000000000000e+05 2.883812000133860274e+05
-1.380000000000000000e+05 2.883485742043803330e+05
-1.420000000000000000e+05 2.882860592250799527e+05
-1.460000000000000000e+05 2.881887710343856597e+05
-1.500000000000000000e+05 2.844143585321588907e+05
-1.540000000000000000e+05 2.843512465833647293e+05
-1.580000000000000000e+05 2.842862221384649165e+05
-1.620000000000000000e+05 2.841547268989840522e+05
-1.660000000000000000e+05 2.803868398732693749e+05
-1.700000000000000000e+05 2.803177305495156324e+05
-1.740000000000000000e+05 2.802222845071580959e+05
-1.762643949249838188e+05 2.780000000000000000e+05
-1.780000000000000000e+05 2.763867892674090690e+05
-1.820000000000000000e+05 2.762879406195571646e+05
-1.843314143699190172e+05 2.740000000000000000e+05
-1.860000000000000000e+05 2.724182687655789196e+05
-1.900000000000000000e+05 2.723579085594454082e+05
-1.940000000000000000e+05 2.722552498155245557e+05
-1.962971111461137480e+05 2.700000000000000000e+05
-1.980000000000000000e+05 2.683870836014358792e+05
-2.020000000000000000e+05 2.682587122143815504e+05
-2.042995663776983565e+05 2.660000000000000000e+05
-2.060000000000000000e+05 2.643893553753730957e+05
-2.100000000000000000e+05 2.642969473795301165e+05
-2.123020185479597421e+05 2.620000000000000000e+05
-2.140000000000000000e+05 2.603914255009224580e+05
-2.180000000000000000e+05 2.602967767722989956e+05
-2.203019040239277529e+05 2.580000000000000000e+05
-2.220000000000000000e+05 2.563634457551285159e+05
-2.260000000000000000e+05 2.562644924945968960e+05
-2.282675558887458174e+05 2.540000000000000000e+05
-2.300000000000000000e+05 2.523314108501226583e+05
-2.323730015092769172e+05 2.500000000000000000e+05
-2.340000000000000000e+05 2.484308817915389373e+05
-2.380000000000000000e+05 2.482985590873002657e+05
-2.403404520856762538e+05 2.460000000000000000e+05
-2.420000000000000000e+05 2.443721662346398807e+05
-2.443754269700252335e+05 2.420000000000000000e+05
-2.460000000000000000e+05 2.404327207361494657e+05
-2.500000000000000000e+05 2.402684556436522980e+05
-2.523092164177331142e+05 2.380000000000000000e+05
-2.540000000000000000e+05 2.363418087036884390e+05
-2.563448344801798230e+05 2.340000000000000000e+05
-2.580000000000000000e+05 2.323759310367157450e+05
-2.604171643143270630e+05 2.300000000000000000e+05
-2.620000000000000000e+05 2.284463800629841280e+05
-2.660000000000000000e+05 2.282046725283726410e+05
-2.682061644995308015e+05 2.260000000000000000e+05
-2.700000000000000000e+05 2.242771015023518121e+05
-2.722786213820283883e+05 2.220000000000000000e+05
-2.740000000000000000e+05 2.203120100610825175e+05
-2.763133999285933678e+05 2.180000000000000000e+05
-2.780000000000000000e+05 2.163450582180245547e+05
-2.803852374513229006e+05 2.140000000000000000e+05
-2.820000000000000000e+05 2.123859790234463580e+05
-2.843985426456929417e+05 2.100000000000000000e+05
-2.860000000000000000e+05 2.084283047591635841e+05
-2.884176588545098202e+05 2.060000000000000000e+05
-2.900000000000000000e+05 2.044172146037871134e+05
-2.924154253491328564e+05 2.020000000000000000e+05
-2.940000000000000000e+05 2.003859577881174046e+05
-2.963459804380778223e+05 1.980000000000000000e+05
-2.980000000000000000e+05 1.963454877271030273e+05
-3.003441626381204114e+05 1.940000000000000000e+05
-3.020000000000000000e+05 1.923435249623813434e+05
-3.043419606811936828e+05 1.900000000000000000e+05
-3.060000000000000000e+05 1.883100050640262489e+05
-3.083084415326367598e+05 1.860000000000000000e+05
-3.100000000000000000e+05 1.842407090463948552e+05
-3.122001338234419236e+05 1.820000000000000000e+05
-3.124049975856446545e+05 1.780000000000000000e+05
-3.140000000000000000e+05 1.763752790499950934e+05
-3.163723706817227649e+05 1.740000000000000000e+05
-3.180000000000000000e+05 1.723411860587380943e+05
-3.203002421873280546e+05 1.700000000000000000e+05
-3.220000000000000000e+05 1.682000631281144451e+05
-3.241970329875936732e+05 1.660000000000000000e+05
-3.244009878550503636e+05 1.620000000000000000e+05
-3.260000000000000000e+05 1.603407863007718406e+05
-3.282986236594066140e+05 1.580000000000000000e+05
-3.300000000000000000e+05 1.561979861073858046e+05
-3.321582724172843737e+05 1.540000000000000000e+05
-3.323596566048720269e+05 1.500000000000000000e+05
-3.340000000000000000e+05 1.482669925598012051e+05
-3.362646096029353794e+05 1.460000000000000000e+05
-3.363621136377736111e+05 1.420000000000000000e+05
-3.380000000000000000e+05 1.403006863295265648e+05
-3.402966731116815936e+05 1.380000000000000000e+05
-3.403900662706141593e+05 1.340000000000000000e+05
-3.420000000000000000e+05 1.323006887141116313e+05
-3.442967067511438509e+05 1.300000000000000000e+05
-3.443876663954831311e+05 1.260000000000000000e+05
-3.460000000000000000e+05 1.242980348842111271e+05
-3.482568745183827705e+05 1.220000000000000000e+05
-3.483585790849536425e+05 1.180000000000000000e+05
-3.500000000000000000e+05 1.162649418084699719e+05
-3.522227965010221233e+05 1.140000000000000000e+05
-3.523573147087227553e+05 1.100000000000000000e+05
-3.524166344626790378e+05 1.060000000000000000e+05
-3.540000000000000000e+05 1.043301106209030258e+05
-3.562863547264641384e+05 1.020000000000000000e+05
-3.563861180089063128e+05 9.800000000000000000e+04
-3.580000000000000000e+05 9.623099570103986480e+04
-3.601553124333799933e+05 9.400000000000000000e+04
-3.602863048254391761e+05 9.000000000000000000e+04
-3.603860325952096609e+05 8.600000000000000000e+04
-3.620000000000000000e+05 8.419614548898502835e+04
-3.641177673365409719e+05 8.200000000000000000e+04
-3.642549047238522326e+05 7.800000000000000000e+04
-3.643202972472084220e+05 7.400000000000000000e+04
-3.643864410756097641e+05 7.000000000000000000e+04
-3.660000000000000000e+05 6.823086685934355773e+04
-3.681525380568438559e+05 6.600000000000000000e+04
-3.682547397993725026e+05 6.200000000000000000e+04
-3.682870314917858341e+05 5.800000000000000000e+04
-3.683507924768620287e+05 5.400000000000000000e+04
-3.683866977640776313e+05 5.000000000000000000e+04
-3.700000000000000000e+05 4.823079240823157306e+04
-3.721499885616610991e+05 4.600000000000000000e+04
-3.722196732293063542e+05 4.200000000000000000e+04
-3.722536192509563989e+05 3.800000000000000000e+04
-3.722862753194652032e+05 3.400000000000000000e+04
-3.723168358172751614e+05 3.000000000000000000e+04
-3.723208637070322875e+05 2.600000000000000000e+04
-3.723498364950791001e+05 2.200000000000000000e+04
-3.723516432340542669e+05 1.800000000000000000e+04
-3.723536898847328266e+05 1.400000000000000000e+04
-3.723553666583352606e+05 1.000000000000000000e+04
-3.723565729230244178e+05 6.000000000000000000e+03
-3.723575719753697631e+05 2.000000000000000000e+03
