-1.925277839165834244e+06
-1.910277839165834244e+06
-1.895277839165834244e+06
-1.880277839165834244e+06
-1.865277839165834244e+06
-1.850277839165834244e+06
-1.835277839165834244e+06
-1.820277839165834244e+06
-1.805277839165834244e+06
-1.790277839165834244e+06
-1.775277839165834244e+06
-1.760277839165834244e+06
-1.745277839165834244e+06
-1.730277839165834244e+06
-1.715277839165834244e+06
-1.700277839165834244e+06
-1.685277839165834244e+06
-1.670277839165834244e+06
-1.655277839165834244e+06
-1.640277839165834244e+06
-1.625277839165834244e+06
-1.610277839165834244e+06
-1.595277839165834244e+06
-1.580277839165834244e+06
-1.565277839165834244e+06
-1.550277839165834244e+06
-1.535277839165834244e+06
-1.520277839165834244e+06
-1.505277839165834244e+06
-1.490277839165834244e+06
-1.475277839165834244e+06
-1.460277839165834244e+06
-1.445277839165834244e+06
-1.430277839165834244e+06
-1.415277839165834244e+06
-1.400277839165834244e+06
-1.385277839165834244e+06
-1.370277839165834244e+06
-1.355277839165834244e+06
-1.340277839165834244e+06
-1.325277839165834244e+06
-1.310277839165834244e+06
-1.295277839165834244e+06
-1.280277839165834244e+06
-1.265277839165834244e+06
-1.250277839165834244e+06
-1.235277839165834244e+06
-1.220277839165834244e+06
-1.205277839165834244e+06
-1.190277839165834244e+06
-1.175277839165834244e+06
-1.160277839165834244e+06
-1.145277839165834244e+06
-1.130277839165834244e+06
-1.115277839165834244e+06
-1.100277839165834244e+06
-1.085277839165834244e+06
-1.070277839165834244e+06
-1.055277839165834244e+06
-1.040277839165834244e+06
-1.025277839165834244e+06
-1.010277839165834244e+06
-9.952778391658342443e+05
-9.802778391658342443e+05
-9.652778391658342443e+05
-9.502778391658342443e+05
-9.352778391658342443e+05
-9.202778391658342443e+05
-9.052778391658342443e+05
-8.902778391658342443e+05
-8.752778391658342443e+05
-8.602778391658342443e+05
-8.452778391658342443e+05
-8.302778391658342443e+05
-8.152778391658342443e+05
-8.002778391658342443e+05
-7.852778391658342443e+05
-7.702778391658342443e+05
-7.552778391658342443e+05
-7.402778391658342443e+05
-7.252778391658342443e+05
-7.102778391658342443e+05
-6.952778391658342443e+05
-6.802778391658342443e+05
-6.652778391658342443e+05
-6.502778391658342443e+05
-6.352778391658342443e+05
-6.202778391658342443e+05
-6.052778391658342443e+05
-5.902778391658342443e+05
-5.752778391658342443e+05
-5.602778391658342443e+05
-5.452778391658342443e+05
-5.302778391658342443e+05
-5.152778391658342443e+05
-5.002778391658342443e+05
-4.852778391658342443e+05
-4.702778391658342443e+05
-4.552778391658342443e+05
-4.402778391658342443e+05
-4.252778391658342443e+05
-4.102778391658342443e+05
-3.952778391658342443e+05
-3.802778391658342443e+05
-3.652778391658342443e+05
-3.502778391658342443e+05
-3.352778391658342443e+05
-3.202778391658342443e+05
-3.052778391658342443e+05
-2.902778391658342443e+05
-2.752778391658342443e+05
-2.602778391658342443e+05
-2.452778391658342443e+05
-2.302778391658342443e+05
-2.152778391658342443e+05
-2.002778391658342443e+05
-1.852778391658342443e+05
-1.702778391658342443e+05
-1.552778391658342443e+05
-1.402778391658342443e+05
-1.252778391658342443e+05
-1.102778391658342443e+05
-9.527783916583424434e+04
-8.027783916583424434e+04
-6.527783916583424434e+04
-5.027783916583424434e+04
-3.527783916583424434e+04
-2.027783916583424434e+04
-5.277839165834244341e+03
9.722160834165755659e+03
2.472216083416575566e+04
3.972216083416575566e+04
5.472216083416575566e+04
6.972216083416575566e+04
8.472216083416575566e+04
9.972216083416575566e+04
1.147221608341657557e+05
1.297221608341657557e+05
1.447221608341657557e+05
1.597221608341657557e+05
1.747221608341657557e+05
1.897221608341657557e+05
2.047221608341657557e+05
2.197221608341657557e+05
2.347221608341657557e+05
2.497221608341657557e+05
2.647221608341657557e+05
2.797221608341657557e+05
2.947221608341657557e+05
3.097221608341657557e+05
3.247221608341657557e+05
3.397221608341657557e+05
3.547221608341657557e+05
3.697221608341657557e+05
3.847221608341657557e+05
3.997221608341657557e+05
4.147221608341657557e+05
4.297221608341657557e+05
4.447221608341657557e+05
4.597221608341657557e+05
4.747221608341657557e+05
4.897221608341657557e+05
