-8.801329762104210386e+04
-8.201329762104210386e+04
-7.601329762104210386e+04
-7.001329762104210386e+04
-6.401329762104210386e+04
-5.801329762104210386e+04
-5.201329762104210386e+04
-4.601329762104210386e+04
-4.001329762104210386e+04
-3.401329762104210386e+04
-2.801329762104210386e+04
-2.201329762104210386e+04
-1.601329762104210386e+04
-1.001329762104210386e+04
-4.013297621042103856e+03
1.986702378957896144e+03
7.986702378957896144e+03
1.398670237895789614e+04
1.998670237895789614e+04
2.598670237895789614e+04
3.198670237895789614e+04
3.798670237895789614e+04
4.398670237895789614e+04
4.998670237895789614e+04
5.598670237895789614e+04
6.198670237895789614e+04
6.798670237895789614e+04
7.398670237895789614e+04
7.998670237895789614e+04
8.598670237895789614e+04
9.198670237895789614e+04
9.798670237895789614e+04
1.039867023789578961e+05
1.099867023789578961e+05
1.159867023789578961e+05
1.219867023789578961e+05
1.279867023789578961e+05
1.339867023789578816e+05
1.399867023789578816e+05
1.459867023789578816e+05
1.519867023789578816e+05
1.579867023789578816e+05
1.639867023789578816e+05
1.699867023789578816e+05
1.759867023789578816e+05
1.819867023789578816e+05
1.879867023789578816e+05
1.939867023789578816e+05
1.999867023789578816e+05
2.059867023789578816e+05
2.119867023789578816e+05
2.179867023789578816e+05
2.239867023789578816e+05
2.299867023789578816e+05
2.359867023789578816e+05
2.419867023789578816e+05
2.479867023789578816e+05
2.539867023789578816e+05
2.599867023789578816e+05
2.659867023789578816e+05
2.719867023789578816e+05
2.779867023789578816e+05
2.839867023789578816e+05
2.899867023789578816e+05
2.959867023789578816e+05
3.019867023789578816e+05
3.079867023789578816e+05
3.139867023789578816e+05
3.199867023789578816e+05
3.259867023789578816e+05
3.319867023789578816e+05
3.379867023789578816e+05
3.439867023789578816e+05
3.499867023789578816e+05
3.559867023789578816e+05
3.619867023789578816e+05
3.679867023789578816e+05
3.739867023789578816e+05
3.799867023789578816e+05
3.859867023789578816e+05
3.919867023789578816e+05
3.979867023789578816e+05
4.039867023789578816e+05
4.099867023789578816e+05
4.159867023789578816e+05
4.219867023789578816e+05
4.279867023789578816e+05
4.339867023789578816e+05
4.399867023789578816e+05
4.459867023789578816e+05
4.519867023789578816e+05
4.579867023789578816e+05
4.639867023789578816e+05
4.699867023789578816e+05
4.759867023789578816e+05
4.819867023789578816e+05
4.879867023789578816e+05
4.939867023789578816e+05
4.999867023789578816e+05
5.059867023789578816e+05
5.119867023789578816e+05
5.179867023789578816e+05
5.239867023789578816e+05
5.299867023789578816e+05
5.359867023789578816e+05
5.419867023789578816e+05
5.479867023789578816e+05
5.539867023789578816e+05
5.599867023789578816e+05
