-2.482020884249776602e+06
-2.362020884249776602e+06
-2.242020884249776602e+06
-2.122020884249776602e+06
-2.002020884249776602e+06
-1.882020884249776602e+06
-1.762020884249776602e+06
-1.642020884249776602e+06
-1.522020884249776602e+06
-1.402020884249776602e+06
-1.282020884249776602e+06
-1.162020884249776602e+06
-1.042020884249776602e+06
-9.220208842497766018e+05
-8.020208842497766018e+05
-6.820208842497766018e+05
-5.620208842497766018e+05
-4.420208842497766018e+05
-3.220208842497766018e+05
-2.020208842497766018e+05
-8.202088424977660179e+04
3.797911575022339821e+04
1.579791157502233982e+05
2.779791157502233982e+05
3.979791157502233982e+05
