-1.806203740083356854e+06
-1.791203740083356854e+06
-1.776203740083356854e+06
-1.761203740083356854e+06
-1.746203740083356854e+06
-1.731203740083356854e+06
-1.716203740083356854e+06
-1.701203740083356854e+06
-1.686203740083356854e+06
-1.671203740083356854e+06
-1.656203740083356854e+06
-1.641203740083356854e+06
-1.626203740083356854e+06
-1.611203740083356854e+06
-1.596203740083356854e+06
-1.581203740083356854e+06
-1.566203740083356854e+06
-1.551203740083356854e+06
-1.536203740083356854e+06
-1.521203740083356854e+06
-1.506203740083356854e+06
-1.491203740083356854e+06
-1.476203740083356854e+06
-1.461203740083356854e+06
-1.446203740083356854e+06
-1.431203740083356854e+06
-1.416203740083356854e+06
-1.401203740083356854e+06
-1.386203740083356854e+06
-1.371203740083356854e+06
-1.356203740083356854e+06
-1.341203740083356854e+06
-1.326203740083356854e+06
-1.311203740083356854e+06
-1.296203740083356854e+06
-1.281203740083356854e+06
-1.266203740083356854e+06
-1.251203740083356854e+06
-1.236203740083356854e+06
-1.221203740083356854e+06
-1.206203740083356854e+06
-1.191203740083356854e+06
-1.176203740083356854e+06
-1.161203740083356854e+06
-1.146203740083356854e+06
-1.131203740083356854e+06
-1.116203740083356854e+06
-1.101203740083356854e+06
-1.086203740083356854e+06
-1.071203740083356854e+06
-1.056203740083356854e+06
-1.041203740083356854e+06
-1.026203740083356854e+06
-1.011203740083356854e+06
-9.962037400833568536e+05
-9.812037400833568536e+05
-9.662037400833568536e+05
-9.512037400833568536e+05
-9.362037400833568536e+05
-9.212037400833568536e+05
-9.062037400833568536e+05
-8.912037400833568536e+05
-8.762037400833568536e+05
-8.612037400833568536e+05
-8.462037400833568536e+05
-8.312037400833568536e+05
-8.162037400833568536e+05
-8.012037400833568536e+05
-7.862037400833568536e+05
-7.712037400833568536e+05
-7.562037400833568536e+05
-7.412037400833568536e+05
-7.262037400833568536e+05
-7.112037400833568536e+05
-6.962037400833568536e+05
-6.812037400833568536e+05
-6.662037400833568536e+05
-6.512037400833568536e+05
-6.362037400833568536e+05
-6.212037400833568536e+05
-6.062037400833568536e+05
-5.912037400833568536e+05
-5.762037400833568536e+05
-5.612037400833568536e+05
-5.462037400833568536e+05
-5.312037400833568536e+05
-5.162037400833568536e+05
-5.012037400833568536e+05
-4.862037400833568536e+05
-4.712037400833568536e+05
-4.562037400833568536e+05
-4.412037400833568536e+05
-4.262037400833568536e+05
-4.112037400833568536e+05
-3.962037400833568536e+05
-3.812037400833568536e+05
-3.662037400833568536e+05
-3.512037400833568536e+05
-3.362037400833568536e+05
-3.212037400833568536e+05
-3.062037400833568536e+05
-2.912037400833568536e+05
-2.762037400833568536e+05
-2.612037400833568536e+05
-2.462037400833568536e+05
-2.312037400833568536e+05
-2.162037400833568536e+05
-2.012037400833568536e+05
-1.862037400833568536e+05
-1.712037400833568536e+05
-1.562037400833568536e+05
-1.412037400833568536e+05
-1.262037400833568536e+05
-1.112037400833568536e+05
-9.620374008335685357e+04
-8.120374008335685357e+04
-6.620374008335685357e+04
-5.120374008335685357e+04
-3.620374008335685357e+04
-2.120374008335685357e+04
-6.203740083356853575e+03
8.796259916643146425e+03
2.379625991664314643e+04
3.879625991664314643e+04
5.379625991664314643e+04
6.879625991664314643e+04
8.379625991664314643e+04
9.879625991664314643e+04
