1.131559131057866239e+02
6.113155913105784748e+03
1.211315591310578384e+04
1.811315591310578020e+04
2.411315591310578020e+04
3.011315591310578020e+04
3.611315591310577292e+04
4.211315591310577292e+04
4.811315591310577292e+04
5.411315591310577292e+04
6.011315591310577292e+04
6.611315591310577292e+04
7.211315591310575837e+04
7.811315591310575837e+04
8.411315591310575837e+04
9.011315591310575837e+04
9.611315591310575837e+04
1.021131559131057584e+05
1.081131559131057584e+05
1.141131559131057584e+05
1.201131559131057584e+05
1.261131559131057438e+05
1.321131559131057584e+05
1.381131559131057584e+05
1.441131559131057293e+05
1.501131559131057293e+05
1.561131559131057293e+05
1.621131559131057293e+05
1.681131559131057293e+05
1.741131559131057293e+05
1.801131559131057293e+05
1.861131559131057293e+05
1.921131559131057293e+05
1.981131559131057293e+05
2.041131559131057293e+05
2.101131559131057293e+05
2.161131559131057293e+05
2.221131559131057293e+05
2.281131559131057293e+05
2.341131559131057293e+05
2.401131559131057293e+05
2.461131559131057002e+05
2.521131559131057002e+05
2.581131559131057002e+05
2.641131559131057002e+05
2.701131559131057002e+05
2.761131559131057002e+05
2.821131559131057002e+05
2.881131559131056420e+05
2.941131559131056420e+05
3.001131559131056420e+05
3.061131559131056420e+05
3.121131559131056420e+05
3.181131559131056420e+05
3.241131559131056420e+05
3.301131559131056420e+05
3.361131559131056420e+05
3.421131559131056420e+05
3.481131559131056420e+05
3.541131559131056420e+05
3.601131559131056420e+05
3.661131559131056420e+05
3.721131559131056420e+05
3.781131559131056420e+05
3.841131559131056420e+05
3.901131559131056420e+05
3.961131559131056420e+05
4.021131559131056420e+05
4.081131559131056420e+05
4.141131559131056420e+05
4.201131559131056420e+05
4.261131559131056420e+05
4.321131559131056420e+05
4.381131559131056420e+05
4.441131559131056420e+05
4.501131559131056420e+05
4.561131559131056420e+05
4.621131559131056420e+05
4.681131559131056420e+05
4.741131559131056420e+05
4.801131559131056420e+05
4.861131559131055837e+05
4.921131559131055837e+05
4.981131559131055837e+05
5.041131559131055837e+05
5.101131559131055837e+05
5.161131559131055837e+05
5.221131559131055837e+05
5.281131559131057002e+05
5.341131559131057002e+05
5.401131559131057002e+05
5.461131559131057002e+05
5.521131559131057002e+05
5.581131559131057002e+05
5.641131559131057002e+05
5.701131559131057002e+05
5.761131559131055837e+05
5.821131559131055837e+05
5.881131559131055837e+05
5.941131559131055837e+05
6.001131559131055837e+05
6.061131559131055837e+05
6.121131559131055837e+05
6.181131559131055837e+05
6.241131559131055837e+05
6.301131559131055837e+05
6.361131559131055837e+05
6.421131559131055837e+05
6.481131559131055837e+05
6.541131559131055837e+05
6.601131559131055837e+05
6.661131559131055837e+05
6.721131559131055837e+05
6.781131559131055837e+05
6.841131559131055837e+05
6.901131559131055837e+05
6.961131559131055837e+05
7.021131559131055837e+05
7.081131559131055837e+05
7.141131559131055837e+05
7.201131559131055837e+05
7.261131559131055837e+05
7.321131559131055837e+05
7.381131559131055837e+05
7.441131559131055837e+05
7.501131559131055837e+05
7.561131559131055837e+05
7.621131559131055837e+05
7.681131559131055837e+05
7.741131559131055837e+05
7.801131559131055837e+05
7.861131559131055837e+05
7.921131559131055837e+05
7.981131559131055837e+05
8.041131559131055837e+05
8.101131559131055837e+05
8.161131559131055837e+05
8.221131559131055837e+05
8.281131559131055837e+05
8.341131559131055837e+05
8.401131559131055837e+05
