5.414800315427571149e+03 1.000000000000000000e+02
5.320333514462749008e+03 3.000000000000000000e+02
5.300000000000000000e+03 3.479930684122950879e+02
5.251865396235409207e+03 5.000000000000000000e+02
5.242789985904005334e+03 7.000000000000000000e+02
5.220112153791014862e+03 9.000000000000000000e+02
5.219686305609458941e+03 1.100000000000000000e+03
5.220461051526586743e+03 1.300000000000000000e+03
5.227911575022530087e+03 1.500000000000000000e+03
5.300086794114480654e+03 1.700000000000000000e+03
5.301445240459514935e+03 1.900000000000000000e+03
5.312083012890124337e+03 2.100000000000000000e+03
5.326165621639957862e+03 2.300000000000000000e+03
5.349336590918155707e+03 2.500000000000000000e+03
5.347069036857437823e+03 2.700000000000000000e+03
5.347571709298525093e+03 2.900000000000000000e+03
5.335322363490518910e+03 3.100000000000000000e+03
5.315104664291737208e+03 3.300000000000000000e+03
5.312273870136964433e+03 3.500000000000000000e+03
5.306434455240151692e+03 3.700000000000000000e+03
5.300895409386296706e+03 3.900000000000000000e+03
5.220651703036458457e+03 4.100000000000000000e+03
5.207393059112524497e+03 4.300000000000000000e+03
5.200259957158830730e+03 4.500000000000000000e+03
5.122234422670257118e+03 4.700000000000000000e+03
5.102922813312302424e+03 4.900000000000000000e+03
5.100000000000000000e+03 4.906128771102133214e+03
5.011820991472923197e+03 5.100000000000000000e+03
5.000884741677268721e+03 5.300000000000000000e+03
4.900000000000000000e+03 5.417157971023212667e+03
4.848722257327480293e+03 5.500000000000000000e+03
4.811854601070929675e+03 5.700000000000000000e+03
4.709805778357113923e+03 5.900000000000000000e+03
4.700000000000000000e+03 5.913818665842191876e+03
4.649911896991305184e+03 6.100000000000000000e+03
4.603599807292716832e+03 6.300000000000000000e+03
4.503286844788523922e+03 6.500000000000000000e+03
4.500000000000000000e+03 6.506863691996661146e+03
4.436997322506946148e+03 6.700000000000000000e+03
4.369180481422196863e+03 6.900000000000000000e+03
4.301637694229239969e+03 7.100000000000000000e+03
4.300000000000000000e+03 7.103275386996249836e+03
4.201840413867469579e+03 7.300000000000000000e+03
4.102887072886662281e+03 7.500000000000000000e+03
4.100000000000000000e+03 7.505754914808943795e+03
4.003344848698284295e+03 7.700000000000000000e+03
3.905629115909572647e+03 7.900000000000000000e+03
3.900000000000000000e+03 7.911040030240439592e+03
3.805136943413215704e+03 8.100000000000000000e+03
3.705111098992210827e+03 8.300000000000000000e+03
3.700000000000000000e+03 8.309994112704003783e+03
3.606767788233699321e+03 8.500000000000000000e+03
3.505198629102270388e+03 8.700000000000000000e+03
3.500000000000000000e+03 8.709945390471089922e+03
3.407696648254790034e+03 8.900000000000000000e+03
3.369115455146155909e+03 9.100000000000000000e+03
3.300064675347805405e+03 9.300000000000000000e+03
3.300000000000000000e+03 9.300098403152400351e+03
3.170855539244776537e+03 9.500000000000000000e+03
3.150229209474384788e+03 9.700000000000000000e+03
3.100000000000000000e+03 9.804308676054650277e+03
3.010222093409704030e+03 9.900000000000000000e+03
2.900000000000000000e+03 9.972840877137474308e+03
2.700000000000000000e+03 1.001151183693144958e+04
2.500000000000000000e+03 1.002503924554050900e+04
2.363112764148956558e+03 1.010000000000000000e+04
2.301156868476582076e+03 1.030000000000000000e+04
2.300000000000000000e+03 1.030331254985473606e+04
2.235470410312537751e+03 1.050000000000000000e+04
2.170781826872243073e+03 1.070000000000000000e+04
2.101922608872131150e+03 1.090000000000000000e+04
2.100000000000000000e+03 1.090342267097260446e+04
1.900000000000000000e+03 1.092445198180801708e+04
1.700000000000000000e+03 1.100451501671853475e+04
1.506182120038489529e+03 1.110000000000000000e+04
1.500144581203006055e+03 1.130000000000000000e+04
1.500000000000000000e+03 1.130040352391173474e+04
1.414381781591643175e+03 1.150000000000000000e+04
1.340501346823248014e+03 1.170000000000000000e+04
1.300000000000000000e+03 1.173824522521360632e+04
1.100359151747456281e+03 1.190000000000000000e+04
1.100000000000000000e+03 1.190017926378907396e+04
9.000000000000000000e+02 1.192145950318175892e+04
7.138216110638987857e+02 1.210000000000000000e+04
7.000000000000000000e+02 1.211358732062885611e+04
5.089172360203785388e+02 1.230000000000000000e+04
5.000000000000000000e+02 1.230882976311222592e+04
3.056862109805641126e+02 1.250000000000000000e+04
3.000000000000000000e+02 1.250563895211251474e+04
1.035273239928747842e+02 1.270000000000000000e+04
1.000000000000000000e+02 1.270183450075179098e+04
-9.938662314269873832e+01 1.290000000000000000e+04
-1.000000000000000000e+02 1.290060449133279508e+04
-3.000000000000000000e+02 1.300357831599687233e+04
-3.969189649028580220e+02 1.310000000000000000e+04
-5.000000000000000000e+02 1.320155745577600101e+04
-6.919951579397153409e+02 1.330000000000000000e+04
-7.000000000000000000e+02 1.330783217366005556e+04
-8.977268158800911806e+02 1.350000000000000000e+04
-9.000000000000000000e+02 1.350115477836540958e+04
-1.100000000000000000e+03 1.360394785150968164e+04
-1.288504194329110987e+03 1.370000000000000000e+04
-1.300000000000000000e+03 1.371101623534985265e+04
-1.496588400096204396e+03 1.390000000000000000e+04
-1.500000000000000000e+03 1.390171821748668663e+04
-1.700000000000000000e+03 1.400311169847762358e+04
-1.892032294723967198e+03 1.410000000000000000e+04
-1.900000000000000000e+03 1.410762728789422908e+04
-2.099200007446342624e+03 1.430000000000000000e+04
-2.100000000000000000e+03 1.430040336447330628e+04
-2.300000000000000000e+03 1.440109422645516861e+04
-2.497295632123372343e+03 1.450000000000000000e+04
-2.500000000000000000e+03 1.450135360224559372e+04
-2.700000000000000000e+03 1.460185079758641405e+04
-2.896075394214595690e+03 1.470000000000000000e+04
-2.900000000000000000e+03 1.470199901610758388e+04
-3.100000000000000000e+03 1.480179633877786000e+04
-3.296696526283242292e+03 1.490000000000000000e+04
-3.300000000000000000e+03 1.490167377975441013e+04
-3.500000000000000000e+03 1.500100252391926551e+04
-3.698855427571158998e+03 1.510000000000000000e+04
-3.700000000000000000e+03 1.510057104574946607e+04
-3.900000000000000000e+03 1.512847766464598863e+04
-4.100000000000000000e+03 1.520645263683839403e+04
-4.296394542968023416e+03 1.530000000000000000e+04
-4.300000000000000000e+03 1.530172854973093490e+04
-4.500000000000000000e+03 1.540046910217682853e+04
-4.700000000000000000e+03 1.541992695911422925e+04
-4.881303833363893318e+03 1.550000000000000000e+04
-4.900000000000000000e+03 1.550848102853893033e+04
-5.100000000000000000e+03 1.560108715954243053e+04
-5.300000000000000000e+03 1.563264296110891519e+04
-5.458813677873354209e+03 1.570000000000000000e+04
-5.500000000000000000e+03 1.571757875592641903e+04
-5.700000000000000000e+03 1.576583860591493431e+04
-5.900000000000000000e+03 1.583485190211249937e+04
-6.056318524935223650e+03 1.590000000000000000e+04
-6.100000000000000000e+03 1.591824078506100523e+04
-6.300000000000000000e+03 1.595727101435103941e+04
-6.500000000000000000e+03 1.602426196804172287e+04
-6.700000000000000000e+03 1.610862344250370734e+04
-6.900000000000000000e+03 1.613138435451318946e+04
-7.100000000000000000e+03 1.621210812011052258e+04
-7.300000000000000000e+03 1.622982663620186395e+04
-7.500000000000000000e+03 1.631481181115919208e+04
-7.700000000000000000e+03 1.634130748622308056e+04
-7.900000000000000000e+03 1.635937673443944368e+04
-8.100000000000000000e+03 1.641696405731794948e+04
-8.300000000000000000e+03 1.643112583057111624e+04
-8.500000000000000000e+03 1.650452216310369840e+04
-8.700000000000000000e+03 1.651285590516424054e+04
-8.900000000000000000e+03 1.652130345317361207e+04
-9.100000000000000000e+03 1.654054583904121682e+04
-9.300000000000000000e+03 1.654911680154340866e+04
-9.500000000000000000e+03 1.655599633830970197e+04
-9.700000000000000000e+03 1.655968464472187406e+04
-9.900000000000000000e+03 1.656283179391549129e+04
-1.010000000000000000e+04 1.656404028345073311e+04
-1.030000000000000000e+04 1.656393041778082625e+04
-1.050000000000000000e+04 1.656321312820954699e+04
-1.070000000000000000e+04 1.656332421859994065e+04
-1.090000000000000000e+04 1.656240044504467369e+04
-1.110000000000000000e+04 1.656193254840311420e+04
-1.130000000000000000e+04 1.655979182566997042e+04
-1.150000000000000000e+04 1.655636533400995904e+04
-1.170000000000000000e+04 1.655239778371137072e+04
-1.190000000000000000e+04 1.654873232409423872e+04
-1.210000000000000000e+04 1.654393591853044563e+04
-1.230000000000000000e+04 1.653814301898035410e+04
-1.250000000000000000e+04 1.653207521232090221e+04
-1.270000000000000000e+04 1.652572456103691729e+04
-1.290000000000000000e+04 1.652013068199650297e+04
-1.310000000000000000e+04 1.650691805882845438e+04
-1.330000000000000000e+04 1.650026947161325734e+04
-1.350000000000000000e+04 1.642471347125176180e+04
-1.370000000000000000e+04 1.637533388145753088e+04
-1.390000000000000000e+04 1.635883676414725051e+04
-1.410000000000000000e+04 1.633929880623260033e+04
-1.430000000000000000e+04 1.631933477963346013e+04
-1.450000000000000000e+04 1.630057199433699134e+04
-1.470000000000000000e+04 1.622546179110576850e+04
-1.490000000000000000e+04 1.616399808389479585e+04
-1.510000000000000000e+04 1.614083065800889017e+04
-1.530000000000000000e+04 1.611572865612048008e+04
-1.550000000000000000e+04 1.610034246472189625e+04
-1.570000000000000000e+04 1.601515163268182005e+04
-1.590000000000000000e+04 1.593904436397475365e+04
-1.610000000000000000e+04 1.591135847972426200e+04
-1.630000000000000000e+04 1.590013790719541430e+04
-1.630027064664685895e+04 1.590000000000000000e+04
-1.650000000000000000e+04 1.580385692278133138e+04
-1.670000000000000000e+04 1.580005208714098262e+04
-1.690000000000000000e+04 1.570103206839958148e+04
-1.690212964205198659e+04 1.570000000000000000e+04
-1.710000000000000000e+04 1.563813563355945735e+04
-1.730000000000000000e+04 1.560081066863017986e+04
-1.750000000000000000e+04 1.550363782804643961e+04
-1.770000000000000000e+04 1.550003073339869479e+04
-1.770006197571758094e+04 1.550000000000000000e+04
-1.790000000000000000e+04 1.540570277371642442e+04
-1.810000000000000000e+04 1.537071378090093276e+04
-1.830000000000000000e+04 1.530117595641302250e+04
-1.830258314136022091e+04 1.530000000000000000e+04
-1.850000000000000000e+04 1.521446732508559580e+04
-1.870000000000000000e+04 1.514429448563835831e+04
-1.890000000000000000e+04 1.511827234963256342e+04
-1.894058274158010681e+04 1.510000000000000000e+04
-1.910000000000000000e+04 1.495520383551142368e+04
-1.930000000000000000e+04 1.492992104180212300e+04
-1.933705995746613917e+04 1.490000000000000000e+04
-1.933866870693242890e+04 1.470000000000000000e+04
-1.950000000000000000e+04 1.452554603229369604e+04
-1.952057697416661176e+04 1.450000000000000000e+04
-1.970000000000000000e+04 1.444232759894268384e+04
-1.990000000000000000e+04 1.430117740698157832e+04
-1.990201896347386719e+04 1.430000000000000000e+04
-2.010000000000000000e+04 1.425078749351650913e+04
-2.030000000000000000e+04 1.420072636706642697e+04
-2.050000000000000000e+04 1.415013483890181851e+04
-2.056703540771827829e+04 1.410000000000000000e+04
-2.070000000000000000e+04 1.400467745847031074e+04
-2.090000000000000000e+04 1.395174455034839048e+04
-2.110000000000000000e+04 1.390100974988051166e+04
-2.110300649741014786e+04 1.390000000000000000e+04
-2.130000000000000000e+04 1.380542217287119456e+04
-2.150000000000000000e+04 1.370858730600908711e+04
-2.152417865171171434e+04 1.370000000000000000e+04
-2.170000000000000000e+04 1.354018917805439560e+04
-2.175585141224003382e+04 1.350000000000000000e+04
-2.175943762931266974e+04 1.330000000000000000e+04
-2.190000000000000000e+04 1.314015023496492722e+04
-2.192641318610771123e+04 1.310000000000000000e+04
-2.210000000000000000e+04 1.290001082135824436e+04
-2.210001148962014486e+04 1.290000000000000000e+04
-2.230000000000000000e+04 1.270758050522779558e+04
-2.230694602583115920e+04 1.270000000000000000e+04
-2.250000000000000000e+04 1.265589416583735328e+04
-2.270000000000000000e+04 1.263426112167851534e+04
-2.290000000000000000e+04 1.250334666267297143e+04
-2.290675240593972558e+04 1.250000000000000000e+04
-2.310000000000000000e+04 1.234855637507695064e+04
-2.315705219411027429e+04 1.230000000000000000e+04
-2.315264007270507136e+04 1.210000000000000000e+04
-2.323498884614438430e+04 1.190000000000000000e+04
-2.330000000000000000e+04 1.170444110782495227e+04
-2.330365212118313502e+04 1.170000000000000000e+04
-2.350000000000000000e+04 1.150174017249097415e+04
-2.350167038592681274e+04 1.150000000000000000e+04
-2.370000000000000000e+04 1.146608847145298569e+04
-2.390000000000000000e+04 1.132546139644576215e+04
-2.392249083331568181e+04 1.130000000000000000e+04
-2.410000000000000000e+04 1.110536028523250934e+04
-2.410546603707431495e+04 1.110000000000000000e+04
-2.425066679768918402e+04 1.090000000000000000e+04
-2.430000000000000000e+04 1.085012460813671896e+04
-2.445044535015785732e+04 1.070000000000000000e+04
-2.450000000000000000e+04 1.050546714932211398e+04
-2.450546503004014448e+04 1.050000000000000000e+04
-2.470000000000000000e+04 1.030081913204884950e+04
-2.470081236312985857e+04 1.030000000000000000e+04
-2.486196902985219640e+04 1.010000000000000000e+04
-2.490000000000000000e+04 1.004738840438502120e+04
-2.505107617926325474e+04 9.900000000000000000e+03
-2.510000000000000000e+04 9.707709537251346774e+03
-2.510857648443819562e+04 9.700000000000000000e+03
-2.530000000000000000e+04 9.517009529187720545e+03
-2.531904320975973678e+04 9.500000000000000000e+03
-2.550000000000000000e+04 9.323120549899847902e+03
-2.552613838037147798e+04 9.300000000000000000e+03
-2.570000000000000000e+04 9.126460175831602101e+03
-2.572850490580009500e+04 9.100000000000000000e+03
-2.590000000000000000e+04 8.958868899833960313e+03
-2.595235400247845246e+04 8.900000000000000000e+03
-2.610000000000000000e+04 8.769101564918893928e+03
-2.616112231908396279e+04 8.700000000000000000e+03
-2.630000000000000000e+04 8.555320937625592705e+03
-2.634013124431241886e+04 8.500000000000000000e+03
-2.650000000000000000e+04 8.327935964196509303e+03
-2.652500514518289128e+04 8.300000000000000000e+03
-2.656112768212719311e+04 8.100000000000000000e+03
-2.670000000000000000e+04 7.948654891725066591e+03
-2.674321545997625799e+04 7.900000000000000000e+03
-2.690000000000000000e+04 7.712539164826708657e+03
-2.690330402082028377e+04 7.700000000000000000e+03
-2.691842792926742550e+04 7.500000000000000000e+03
-2.710000000000000000e+04 7.300424463990189906e+03
-2.710032638894677802e+04 7.300000000000000000e+03
-2.711259609676894252e+04 7.100000000000000000e+03
-2.721030087673823800e+04 6.900000000000000000e+03
-2.730000000000000000e+04 6.707555163779203212e+03
-2.730259582494595816e+04 6.700000000000000000e+03
-2.735594702872594280e+04 6.500000000000000000e+03
-2.741491007642159457e+04 6.300000000000000000e+03
-2.750000000000000000e+04 6.200205411751228894e+03
-2.755358496830593504e+04 6.100000000000000000e+03
-2.757303913055430894e+04 5.900000000000000000e+03
-2.760463814955050475e+04 5.700000000000000000e+03
-2.764029762771559035e+04 5.500000000000000000e+03
-2.770000000000000000e+04 5.401020429054477972e+03
-2.776943158388152369e+04 5.300000000000000000e+03
-2.780909290973980387e+04 5.100000000000000000e+03
-2.783899190712091877e+04 4.900000000000000000e+03
-2.785100910885630947e+04 4.700000000000000000e+03
-2.790000000000000000e+04 4.501356881599745066e+03
-2.790147597828745711e+04 4.500000000000000000e+03
-2.800560949305249233e+04 4.300000000000000000e+03
-2.804628467073841966e+04 4.100000000000000000e+03
-2.810000000000000000e+04 3.911254238345133672e+03
-2.811212609197566780e+04 3.900000000000000000e+03
-2.813377084998027931e+04 3.700000000000000000e+03
-2.821793746877010199e+04 3.500000000000000000e+03
-2.830000000000000000e+04 3.301753746567132112e+03
-2.830157147505256580e+04 3.300000000000000000e+03
-2.833785999192930103e+04 3.100000000000000000e+03
-2.842380413118068100e+04 2.900000000000000000e+03
-2.843053097059003267e+04 2.700000000000000000e+03
-2.850000000000000000e+04 2.501055548674635247e+03
-2.850078038618877326e+04 2.500000000000000000e+03
-2.852624460644530336e+04 2.300000000000000000e+03
-2.861733046238903626e+04 2.100000000000000000e+03
-2.870000000000000000e+04 1.900432325443410946e+03
-2.870018316160621544e+04 1.900000000000000000e+03
-2.870858749759469720e+04 1.700000000000000000e+03
-2.872972167172941772e+04 1.500000000000000000e+03
-2.873653637663074551e+04 1.300000000000000000e+03
-2.874500581319620687e+04 1.100000000000000000e+03
-2.875269161110562345e+04 9.000000000000000000e+02
-2.875950006522587864e+04 7.000000000000000000e+02
-2.876481290348797120e+04 5.000000000000000000e+02
-2.876957094321186742e+04 3.000000000000000000e+02
-2.881403166762413457e+04 1.000000000000000000e+02
