6.350048889766816274e+02
3.063500488897666946e+04
6.063500488897666219e+04
9.063500488897664763e+04
1.206350048889766331e+05
1.506350048889766331e+05
1.806350048889766331e+05
2.106350048889766040e+05
2.406350048889766040e+05
2.706350048889765749e+05
3.006350048889765749e+05
3.306350048889765749e+05
3.606350048889765749e+05
3.906350048889765749e+05
4.206350048889765167e+05
4.506350048889765167e+05
4.806350048889765167e+05
5.106350048889765167e+05
5.406350048889764585e+05
5.706350048889764585e+05
6.006350048889764585e+05
6.306350048889764585e+05
6.606350048889764585e+05
6.906350048889764585e+05
7.206350048889764585e+05
7.506350048889764585e+05
7.806350048889764585e+05
8.106350048889763420e+05
8.406350048889763420e+05
8.706350048889763420e+05
9.006350048889763420e+05
9.306350048889763420e+05
9.606350048889763420e+05
9.906350048889763420e+05
1.020635004888976342e+06
1.050635004888976226e+06
1.080635004888976226e+06
1.110635004888976226e+06
1.140635004888976226e+06
1.170635004888976226e+06
1.200635004888976226e+06
1.230635004888976226e+06
1.260635004888976226e+06
1.290635004888976226e+06
1.320635004888976226e+06
1.350635004888976226e+06
1.380635004888976226e+06
1.410635004888976226e+06
1.440635004888976226e+06
1.470635004888976226e+06
1.500635004888976226e+06
1.530635004888976226e+06
1.560635004888976226e+06
1.590635004888976226e+06
1.620635004888975993e+06
1.650635004888975993e+06
1.680635004888975993e+06
1.710635004888975993e+06
1.740635004888975993e+06
1.770635004888975993e+06
1.800635004888975993e+06
1.830635004888975993e+06
1.860635004888975993e+06
1.890635004888975993e+06
1.920635004888975993e+06
1.950635004888975993e+06
1.980635004888975993e+06
2.010635004888975993e+06
2.040635004888975993e+06
2.070635004888975993e+06
2.100635004888975527e+06
2.130635004888975527e+06
2.160635004888975527e+06
2.190635004888975527e+06
2.220635004888975527e+06
2.250635004888975527e+06
2.280635004888975527e+06
2.310635004888975527e+06
2.340635004888975527e+06
2.370635004888975527e+06
2.400635004888975527e+06
2.430635004888975527e+06
2.460635004888975527e+06
2.490635004888975527e+06
2.520635004888975527e+06
2.550635004888975527e+06
2.580635004888975527e+06
2.610635004888975527e+06
2.640635004888975527e+06
2.670635004888975527e+06
2.700635004888975527e+06
2.730635004888975527e+06
2.760635004888975527e+06
2.790635004888975527e+06
2.820635004888975527e+06
2.850635004888975527e+06
2.880635004888975527e+06
2.910635004888975527e+06
2.940635004888975527e+06
2.970635004888975527e+06
3.000635004888975527e+06
3.030635004888975527e+06
3.060635004888975527e+06
3.090635004888975527e+06
3.120635004888975527e+06
3.150635004888975527e+06
3.180635004888975527e+06
3.210635004888975061e+06
3.240635004888975061e+06
3.270635004888975061e+06
3.300635004888975061e+06
3.330635004888975061e+06
3.360635004888975061e+06
