-2.786687249735793564e+06
-2.756687249735793564e+06
-2.726687249735793564e+06
-2.696687249735793564e+06
-2.666687249735793564e+06
-2.636687249735793564e+06
-2.606687249735793564e+06
-2.576687249735793564e+06
-2.546687249735793564e+06
-2.516687249735793564e+06
-2.486687249735793564e+06
-2.456687249735793564e+06
-2.426687249735793564e+06
-2.396687249735793564e+06
-2.366687249735793564e+06
-2.336687249735793564e+06
-2.306687249735793564e+06
-2.276687249735793564e+06
-2.246687249735793564e+06
-2.216687249735793564e+06
-2.186687249735793564e+06
-2.156687249735793564e+06
-2.126687249735793564e+06
-2.096687249735793564e+06
-2.066687249735793564e+06
-2.036687249735793564e+06
-2.006687249735793564e+06
-1.976687249735793564e+06
-1.946687249735793564e+06
-1.916687249735793564e+06
-1.886687249735793564e+06
-1.856687249735793564e+06
-1.826687249735793564e+06
-1.796687249735793564e+06
-1.766687249735793564e+06
-1.736687249735793564e+06
-1.706687249735793564e+06
-1.676687249735793564e+06
-1.646687249735793564e+06
-1.616687249735793564e+06
-1.586687249735793564e+06
-1.556687249735793564e+06
-1.526687249735793564e+06
-1.496687249735793564e+06
-1.466687249735793564e+06
-1.436687249735793564e+06
-1.406687249735793564e+06
-1.376687249735793564e+06
-1.346687249735793564e+06
-1.316687249735793564e+06
-1.286687249735793564e+06
-1.256687249735793564e+06
-1.226687249735793564e+06
-1.196687249735793564e+06
-1.166687249735793564e+06
-1.136687249735793564e+06
-1.106687249735793564e+06
-1.076687249735793564e+06
-1.046687249735793564e+06
-1.016687249735793564e+06
-9.866872497357935645e+05
-9.566872497357935645e+05
-9.266872497357935645e+05
-8.966872497357935645e+05
-8.666872497357935645e+05
-8.366872497357935645e+05
-8.066872497357935645e+05
-7.766872497357935645e+05
-7.466872497357935645e+05
-7.166872497357935645e+05
-6.866872497357935645e+05
-6.566872497357935645e+05
-6.266872497357935645e+05
-5.966872497357935645e+05
-5.666872497357935645e+05
-5.366872497357935645e+05
-5.066872497357935645e+05
-4.766872497357935645e+05
-4.466872497357935645e+05
-4.166872497357935645e+05
-3.866872497357935645e+05
-3.566872497357935645e+05
-3.266872497357935645e+05
-2.966872497357935645e+05
-2.666872497357935645e+05
-2.366872497357935645e+05
-2.066872497357935645e+05
-1.766872497357935645e+05
-1.466872497357935645e+05
-1.166872497357935645e+05
-8.668724973579356447e+04
-5.668724973579356447e+04
-2.668724973579356447e+04
3.312750264206435531e+03
3.331275026420643553e+04
6.331275026420643553e+04
9.331275026420643553e+04
1.233127502642064355e+05
1.533127502642064355e+05
1.833127502642064355e+05
2.133127502642064355e+05
2.433127502642064355e+05
2.733127502642064355e+05
3.033127502642064355e+05
3.333127502642064355e+05
3.633127502642064355e+05
3.933127502642064355e+05
