3.451285551257750922e+04 5.000000000000000000e+02
3.450723920122649724e+04 1.500000000000000000e+03
3.450000000000000000e+04 1.518502453801402226e+03
3.408351091845407791e+04 2.500000000000000000e+03
3.407779924889655376e+04 3.500000000000000000e+03
3.410618141547930281e+04 4.500000000000000000e+03
3.410687788726986764e+04 5.500000000000000000e+03
3.408681061326309282e+04 6.500000000000000000e+03
3.374189364671461226e+04 7.500000000000000000e+03
3.367651060691927705e+04 8.500000000000000000e+03
3.364688507387685240e+04 9.500000000000000000e+03
3.362538047521699627e+04 1.050000000000000000e+04
3.358483120816369046e+04 1.150000000000000000e+04
3.351370284522417205e+04 1.250000000000000000e+04
3.350000000000000000e+04 1.252876347002014518e+04
3.310435873775202344e+04 1.350000000000000000e+04
3.307625142532615428e+04 1.450000000000000000e+04
3.272029563399585822e+04 1.550000000000000000e+04
3.272379353596982764e+04 1.650000000000000000e+04
3.265244569274950845e+04 1.750000000000000000e+04
3.251167392833815757e+04 1.850000000000000000e+04
3.250000000000000000e+04 1.852679099228341147e+04
3.209273467328347397e+04 1.950000000000000000e+04
3.164681098142337942e+04 2.050000000000000000e+04
3.162945564379209100e+04 2.150000000000000000e+04
3.151052926955357907e+04 2.250000000000000000e+04
3.150000000000000000e+04 2.252329160413759746e+04
3.108135974284755503e+04 2.350000000000000000e+04
3.068296596116750516e+04 2.450000000000000000e+04
3.061767673190359346e+04 2.550000000000000000e+04
3.050681762481784244e+04 2.650000000000000000e+04
3.050000000000000000e+04 2.651479604623726118e+04
3.006106850745375777e+04 2.750000000000000000e+04
2.966763388150823448e+04 2.850000000000000000e+04
2.951811285188679176e+04 2.950000000000000000e+04
2.950000000000000000e+04 2.953927365977930094e+04
2.906324960862580701e+04 3.050000000000000000e+04
2.862190972119858270e+04 3.150000000000000000e+04
2.850723541681196366e+04 3.250000000000000000e+04
2.850000000000000000e+04 3.251536014358941247e+04
2.771704562713242922e+04 3.350000000000000000e+04
2.756301160706693918e+04 3.450000000000000000e+04
2.750000000000000000e+04 3.457668577956160152e+04
2.705940109497820231e+04 3.550000000000000000e+04
2.660079004131355396e+04 3.650000000000000000e+04
2.650155693258709289e+04 3.750000000000000000e+04
2.650000000000000000e+04 3.750304806132860540e+04
2.564511003585426079e+04 3.850000000000000000e+04
2.551232853489985791e+04 3.950000000000000000e+04
2.550000000000000000e+04 3.952388299178564921e+04
2.468666648680705475e+04 4.050000000000000000e+04
2.452512071602557990e+04 4.150000000000000000e+04
2.450000000000000000e+04 4.152712415497421898e+04
2.366455677431207732e+04 4.250000000000000000e+04
2.350542799221715904e+04 4.350000000000000000e+04
2.350000000000000000e+04 4.351020941558623599e+04
2.258622622463669904e+04 4.450000000000000000e+04
2.250000000000000000e+04 4.460713387727728696e+04
2.207572223481224501e+04 4.550000000000000000e+04
2.165159090018080315e+04 4.650000000000000000e+04
2.151793592732341494e+04 4.750000000000000000e+04
2.150000000000000000e+04 4.753608835412625194e+04
2.056636949621827807e+04 4.850000000000000000e+04
2.050000000000000000e+04 4.853152460243854148e+04
1.950000000000000000e+04 4.900116137549199630e+04
1.850000000000000000e+04 4.915623616166702413e+04
1.793315555741789649e+04 4.950000000000000000e+04
1.762149634647532002e+04 5.050000000000000000e+04
1.750109373510225851e+04 5.150000000000000000e+04
1.750000000000000000e+04 5.150207284386196261e+04
1.660356731252442842e+04 5.250000000000000000e+04
1.650000000000000000e+04 5.262222707891774189e+04
1.605966358519264759e+04 5.350000000000000000e+04
1.567077020620864459e+04 5.450000000000000000e+04
1.550000000000000000e+04 5.471911470274307067e+04
1.469070660118288288e+04 5.550000000000000000e+04
1.450000000000000000e+04 5.564691556864167069e+04
1.350123454392097847e+04 5.650000000000000000e+04
1.350000000000000000e+04 5.650121466244386829e+04
1.250000000000000000e+04 5.659415928455088579e+04
1.179409136517357183e+04 5.750000000000000000e+04
1.150531789985489922e+04 5.850000000000000000e+04
1.150000000000000000e+04 5.850522665169552783e+04
1.050000000000000000e+04 5.871167712700786069e+04
9.615478423671320343e+03 5.950000000000000000e+04
9.500000000000000000e+03 5.961336539724118484e+04
8.588526252770278006e+03 6.050000000000000000e+04
8.500000000000000000e+03 6.058495981837350701e+04
7.538926891356092710e+03 6.150000000000000000e+04
7.500000000000000000e+03 6.153767566917408840e+04
6.508233244044784442e+03 6.250000000000000000e+04
6.500000000000000000e+03 6.250803271928679897e+04
5.500000000000000000e+03 6.304654219368919439e+04
4.623745073269216846e+03 6.350000000000000000e+04
4.500000000000000000e+03 6.361420136951477616e+04
3.530854597957553779e+03 6.450000000000000000e+04
3.500000000000000000e+03 6.452883677071636339e+04
2.503528874171009647e+03 6.550000000000000000e+04
2.500000000000000000e+03 6.550346102859028906e+04
1.500000000000000000e+03 6.564894058312824927e+04
5.447851658238886330e+02 6.650000000000000000e+04
5.000000000000000000e+02 6.653949360049702227e+04
-4.947900221704172168e+02 6.750000000000000000e+04
-5.000000000000000000e+02 6.750506158283837431e+04
-1.500000000000000000e+03 6.765926799584920809e+04
-2.473361555643782140e+03 6.850000000000000000e+04
-2.500000000000000000e+03 6.852465417420215090e+04
-3.500000000000000000e+03 6.907063613139398512e+04
-4.426693957168082306e+03 6.950000000000000000e+04
-4.500000000000000000e+03 6.955775366343410860e+04
-5.494776871671207118e+03 7.050000000000000000e+04
-5.500000000000000000e+03 7.050291320680915669e+04
-6.500000000000000000e+03 7.064960041495259793e+04
-7.493248492011162853e+03 7.150000000000000000e+04
-7.500000000000000000e+03 7.150379466244086507e+04
-8.500000000000000000e+03 7.166696084282657830e+04
-9.495461347848035075e+03 7.250000000000000000e+04
-9.500000000000000000e+03 7.250257815222196223e+04
-1.050000000000000000e+04 7.265578572181414347e+04
-1.149928960005811859e+04 7.350000000000000000e+04
-1.150000000000000000e+04 7.350040050102485111e+04
-1.250000000000000000e+04 7.359339390230798745e+04
-1.350000000000000000e+04 7.407989725827983057e+04
-1.448161321354627216e+04 7.450000000000000000e+04
-1.450000000000000000e+04 7.451347021391938324e+04
-1.550000000000000000e+04 7.477362579487772018e+04
-1.649931709857223905e+04 7.550000000000000000e+04
-1.650000000000000000e+04 7.550034051290732168e+04
-1.750000000000000000e+04 7.559449641689547570e+04
-1.850000000000000000e+04 7.605451848205446731e+04
-1.949958558635526060e+04 7.650000000000000000e+04
-1.950000000000000000e+04 7.650019074112930684e+04
-2.050000000000000000e+04 7.656935770449652045e+04
-2.150000000000000000e+04 7.672342055809723388e+04
-2.250000000000000000e+04 7.684582624640980794e+04
-2.350000000000000000e+04 7.717881543820965453e+04
-2.450000000000000000e+04 7.754560981927203829e+04
-2.550000000000000000e+04 7.764895544325686933e+04
-2.650000000000000000e+04 7.778734123603593616e+04
-2.750000000000000000e+04 7.789071438869385747e+04
-2.850000000000000000e+04 7.798408421136149263e+04
-2.950000000000000000e+04 7.850213024802863947e+04
-3.050000000000000000e+04 7.857703109208459500e+04
-3.150000000000000000e+04 7.864662280755504617e+04
-3.250000000000000000e+04 7.873428205458141747e+04
-3.350000000000000000e+04 7.880846945066844637e+04
-3.450000000000000000e+04 7.886871952736661478e+04
-3.550000000000000000e+04 7.892325893713628466e+04
-3.650000000000000000e+04 7.895809306540650141e+04
-3.750000000000000000e+04 7.916067540271533653e+04
-3.850000000000000000e+04 7.917087664250588568e+04
-3.950000000000000000e+04 7.918489984753787576e+04
-4.050000000000000000e+04 7.918600312393103377e+04
-4.150000000000000000e+04 7.918778636799294327e+04
-4.250000000000000000e+04 7.950140985654926044e+04
-4.350000000000000000e+04 7.918640237846590753e+04
-4.450000000000000000e+04 7.918775268705506460e+04
-4.550000000000000000e+04 7.918580490903636382e+04
-4.650000000000000000e+04 7.918313828907844436e+04
-4.750000000000000000e+04 7.916891447940269427e+04
-4.850000000000000000e+04 7.914924365208999370e+04
-4.950000000000000000e+04 7.912176545546231500e+04
-5.050000000000000000e+04 7.889065040668266010e+04
-5.150000000000000000e+04 7.884491515333342250e+04
-5.250000000000000000e+04 7.880672677742611268e+04
-5.350000000000000000e+04 7.874599710492696613e+04
-5.450000000000000000e+04 7.866479454135040578e+04
-5.550000000000000000e+04 7.855838522860700323e+04
-5.650000000000000000e+04 7.850097108435039991e+04
-5.750000000000000000e+04 7.815043064218343352e+04
-5.850000000000000000e+04 7.789415030435286462e+04
-5.950000000000000000e+04 7.782641731494491978e+04
-6.050000000000000000e+04 7.771612677775023622e+04
-6.150000000000000000e+04 7.759759091273587546e+04
-6.250000000000000000e+04 7.750458177944792260e+04
-6.350000000000000000e+04 7.712874609231778595e+04
-6.450000000000000000e+04 7.681580191559711238e+04
-6.550000000000000000e+04 7.665377131088369060e+04
-6.650000000000000000e+04 7.651292873639427125e+04
-6.651920372349250829e+04 7.650000000000000000e+04
-6.750000000000000000e+04 7.610012080406489258e+04
-6.850000000000000000e+04 7.571984704585625150e+04
-6.950000000000000000e+04 7.552820208843603905e+04
-6.954191717028059065e+04 7.550000000000000000e+04
-7.050000000000000000e+04 7.510452232052854379e+04
-7.150000000000000000e+04 7.469236219062145392e+04
-7.250000000000000000e+04 7.452182755678582180e+04
-7.252935677645549004e+04 7.450000000000000000e+04
-7.350000000000000000e+04 7.380973683308169711e+04
-7.450000000000000000e+04 7.357842733021268214e+04
-7.550000000000000000e+04 7.350104269164735160e+04
-7.550197711928171339e+04 7.350000000000000000e+04
-7.650000000000000000e+04 7.264407330517021182e+04
-7.750000000000000000e+04 7.251111685211122676e+04
-7.751286530671939545e+04 7.250000000000000000e+04
-7.850000000000000000e+04 7.167200184151633584e+04
-7.950000000000000000e+04 7.151767934338458872e+04
-7.951994927889574319e+04 7.150000000000000000e+04
-8.050000000000000000e+04 7.067727090301153657e+04
-8.150000000000000000e+04 7.051499050150062249e+04
-8.151619373184340657e+04 7.050000000000000000e+04
-8.250000000000000000e+04 6.961498259754911123e+04
-8.263885656773396477e+04 6.950000000000000000e+04
-8.350000000000000000e+04 6.907525699460529722e+04
-8.450000000000000000e+04 6.856479789419399458e+04
-8.457143754256641841e+04 6.850000000000000000e+04
-8.550000000000000000e+04 6.768795962657542259e+04
-8.650000000000000000e+04 6.751596922849796829e+04
-8.651713802219579520e+04 6.750000000000000000e+04
-8.750000000000000000e+04 6.658884829602755781e+04
-8.760347846232296433e+04 6.650000000000000000e+04
-8.850000000000000000e+04 6.574928355765969900e+04
-8.950000000000000000e+04 6.553664398804101802e+04
-8.954036127475359535e+04 6.550000000000000000e+04
-9.050000000000000000e+04 6.459580984757473925e+04
-9.059901464663719526e+04 6.450000000000000000e+04
-9.150000000000000000e+04 6.371501617437784444e+04
-9.250000000000000000e+04 6.352337182866389776e+04
-9.252550781098801235e+04 6.350000000000000000e+04
-9.350000000000000000e+04 6.256921255363925593e+04
-9.356705411156613263e+04 6.250000000000000000e+04
-9.450000000000000000e+04 6.163251893873082736e+04
-9.465607516966157709e+04 6.150000000000000000e+04
-9.550000000000000000e+04 6.107144701136410731e+04
-9.650000000000000000e+04 6.054575881464300619e+04
-9.654868544765957631e+04 6.050000000000000000e+04
-9.750000000000000000e+04 5.966098079735300416e+04
-9.850000000000000000e+04 5.955078148074088676e+04
-9.861245401430521451e+04 5.950000000000000000e+04
-9.950000000000000000e+04 5.867684557691618102e+04
-9.964503639508657216e+04 5.850000000000000000e+04
-9.968867511307155655e+04 5.750000000000000000e+04
-1.005000000000000000e+05 5.650167002348613460e+04
-1.005007817036354245e+05 5.650000000000000000e+04
-1.005907812013429502e+05 5.550000000000000000e+04
-1.015000000000000000e+05 5.503062370111429482e+04
-1.025000000000000000e+05 5.458997892747488368e+04
-1.026054298995783611e+05 5.450000000000000000e+04
-1.035000000000000000e+05 5.405458580192360387e+04
-1.045000000000000000e+05 5.371384704109456652e+04
-1.047805219879446522e+05 5.350000000000000000e+04
-1.055000000000000000e+05 5.256853203421564103e+04
-1.055492626149179123e+05 5.250000000000000000e+04
-1.060579954520803149e+05 5.150000000000000000e+04
-1.065000000000000000e+05 5.057571760012965387e+04
-1.065641574771976593e+05 5.050000000000000000e+04
-1.075000000000000000e+05 4.953518132499532658e+04
-1.075342057834216830e+05 4.950000000000000000e+04
-1.085000000000000000e+05 4.850750313093184377e+04
-1.085073356979343516e+05 4.850000000000000000e+04
-1.090356458812077326e+05 4.750000000000000000e+04
-1.095000000000000000e+05 4.659390919265744742e+04
-1.095887982721297012e+05 4.650000000000000000e+04
-1.105000000000000000e+05 4.556142744068787579e+04
-1.105592315897453082e+05 4.550000000000000000e+04
-1.115000000000000000e+05 4.451878571442053362e+04
-1.115181669832241023e+05 4.450000000000000000e+04
-1.117227066878775222e+05 4.350000000000000000e+04
-1.125000000000000000e+05 4.258532395749675925e+04
-1.125764785728428978e+05 4.250000000000000000e+04
-1.135000000000000000e+05 4.152311686666722380e+04
-1.135221150956474885e+05 4.150000000000000000e+04
-1.137408956826796784e+05 4.050000000000000000e+04
-1.145000000000000000e+05 3.955915788680726837e+04
-1.145515625717965013e+05 3.950000000000000000e+04
-1.155000000000000000e+05 3.850572179286021856e+04
-1.155031263876267767e+05 3.850000000000000000e+04
-1.156370396689854388e+05 3.750000000000000000e+04
-1.165000000000000000e+05 3.651902422119648691e+04
-1.165181298495223891e+05 3.650000000000000000e+04
-1.167205996364584280e+05 3.550000000000000000e+04
-1.175000000000000000e+05 3.452805275633408019e+04
-1.175248565070217737e+05 3.450000000000000000e+04
-1.180436943807592324e+05 3.350000000000000000e+04
-1.185000000000000000e+05 3.252575611559410754e+04
-1.185218277748164110e+05 3.250000000000000000e+04
-1.190343818848304072e+05 3.150000000000000000e+04
-1.195000000000000000e+05 3.051316785146126131e+04
-1.195065380422614689e+05 3.050000000000000000e+04
-1.196780916898708965e+05 2.950000000000000000e+04
-1.205000000000000000e+05 2.850104704829489128e+04
-1.205005350628208107e+05 2.850000000000000000e+04
-1.205683279293404339e+05 2.750000000000000000e+04
-1.210240315191417030e+05 2.650000000000000000e+04
-1.215000000000000000e+05 2.550122183322284400e+04
-1.215005830078076106e+05 2.550000000000000000e+04
-1.215720949474950758e+05 2.450000000000000000e+04
-1.217165820978205738e+05 2.350000000000000000e+04
-1.220772960457904555e+05 2.250000000000000000e+04
-1.225000000000000000e+05 2.151033245426834765e+04
-1.225043599629542732e+05 2.150000000000000000e+04
-1.226634777189124288e+05 2.050000000000000000e+04
-1.230516764904824959e+05 1.950000000000000000e+04
-1.235000000000000000e+05 1.850089979587178823e+04
-1.235003935243691376e+05 1.850000000000000000e+04
-1.235352894733377470e+05 1.750000000000000000e+04
-1.236840374624593969e+05 1.650000000000000000e+04
-1.240487414609415573e+05 1.550000000000000000e+04
-1.245000000000000000e+05 1.450001905271080977e+04
-1.245000082188144734e+05 1.450000000000000000e+04
-1.245066807610486139e+05 1.350000000000000000e+04
-1.246151188008974277e+05 1.250000000000000000e+04
-1.246885241404817934e+05 1.150000000000000000e+04
-1.247643219680800103e+05 1.050000000000000000e+04
-1.250624409477703884e+05 9.500000000000000000e+03
-1.251022343715959141e+05 8.500000000000000000e+03
-1.251378793895825511e+05 7.500000000000000000e+03
-1.255000000000000000e+05 6.500567794385350680e+03
-1.255002088291951513e+05 6.500000000000000000e+03
-1.255382208521321736e+05 5.500000000000000000e+03
-1.255658268853819463e+05 4.500000000000000000e+03
-1.255858463228021574e+05 3.500000000000000000e+03
-1.256026094240028324e+05 2.500000000000000000e+03
-1.256125849014672567e+05 1.500000000000000000e+03
-1.256825132287841698e+05 5.000000000000000000e+02
