-1.051609005533321761e+06
-1.045609005533321761e+06
-1.039609005533321761e+06
-1.033609005533321761e+06
-1.027609005533321761e+06
-1.021609005533321761e+06
-1.015609005533321761e+06
-1.009609005533321761e+06
-1.003609005533321761e+06
-9.976090055333217606e+05
-9.916090055333217606e+05
-9.856090055333217606e+05
-9.796090055333217606e+05
-9.736090055333217606e+05
-9.676090055333217606e+05
-9.616090055333217606e+05
-9.556090055333217606e+05
-9.496090055333217606e+05
-9.436090055333217606e+05
-9.376090055333217606e+05
-9.316090055333217606e+05
-9.256090055333217606e+05
-9.196090055333217606e+05
-9.136090055333217606e+05
-9.076090055333217606e+05
-9.016090055333217606e+05
-8.956090055333217606e+05
-8.896090055333217606e+05
-8.836090055333217606e+05
-8.776090055333217606e+05
-8.716090055333217606e+05
-8.656090055333217606e+05
-8.596090055333217606e+05
-8.536090055333217606e+05
-8.476090055333217606e+05
-8.416090055333217606e+05
-8.356090055333217606e+05
-8.296090055333217606e+05
-8.236090055333217606e+05
-8.176090055333217606e+05
-8.116090055333217606e+05
-8.056090055333217606e+05
-7.996090055333217606e+05
-7.936090055333217606e+05
-7.876090055333217606e+05
-7.816090055333217606e+05
-7.756090055333217606e+05
-7.696090055333217606e+05
-7.636090055333217606e+05
-7.576090055333217606e+05
-7.516090055333217606e+05
-7.456090055333217606e+05
-7.396090055333217606e+05
-7.336090055333217606e+05
-7.276090055333217606e+05
-7.216090055333217606e+05
-7.156090055333217606e+05
-7.096090055333217606e+05
-7.036090055333217606e+05
-6.976090055333217606e+05
-6.916090055333217606e+05
-6.856090055333217606e+05
-6.796090055333217606e+05
-6.736090055333217606e+05
-6.676090055333217606e+05
-6.616090055333217606e+05
-6.556090055333217606e+05
-6.496090055333217606e+05
-6.436090055333217606e+05
-6.376090055333217606e+05
-6.316090055333217606e+05
-6.256090055333217606e+05
-6.196090055333217606e+05
-6.136090055333217606e+05
-6.076090055333217606e+05
-6.016090055333217606e+05
-5.956090055333217606e+05
-5.896090055333217606e+05
-5.836090055333217606e+05
-5.776090055333217606e+05
-5.716090055333217606e+05
-5.656090055333217606e+05
-5.596090055333217606e+05
-5.536090055333217606e+05
-5.476090055333217606e+05
-5.416090055333217606e+05
-5.356090055333217606e+05
-5.296090055333217606e+05
-5.236090055333217606e+05
-5.176090055333217606e+05
-5.116090055333217606e+05
-5.056090055333217606e+05
-4.996090055333217606e+05
-4.936090055333217606e+05
-4.876090055333217606e+05
-4.816090055333217606e+05
-4.756090055333217606e+05
-4.696090055333217606e+05
-4.636090055333217606e+05
-4.576090055333217606e+05
-4.516090055333217606e+05
-4.456090055333217606e+05
-4.396090055333217606e+05
-4.336090055333217606e+05
-4.276090055333217606e+05
-4.216090055333217606e+05
-4.156090055333217606e+05
-4.096090055333217606e+05
-4.036090055333217606e+05
-3.976090055333217606e+05
-3.916090055333217606e+05
-3.856090055333217606e+05
-3.796090055333217606e+05
-3.736090055333217606e+05
-3.676090055333217606e+05
-3.616090055333217606e+05
-3.556090055333217606e+05
-3.496090055333217606e+05
-3.436090055333217606e+05
-3.376090055333217606e+05
-3.316090055333217606e+05
-3.256090055333217606e+05
-3.196090055333217606e+05
-3.136090055333217606e+05
-3.076090055333217606e+05
-3.016090055333217606e+05
-2.956090055333217606e+05
-2.896090055333217606e+05
-2.836090055333217606e+05
-2.776090055333217606e+05
-2.716090055333217606e+05
-2.656090055333217606e+05
-2.596090055333217606e+05
-2.536090055333217606e+05
-2.476090055333217606e+05
-2.416090055333217606e+05
-2.356090055333217606e+05
-2.296090055333217606e+05
-2.236090055333217606e+05
-2.176090055333217606e+05
-2.116090055333217606e+05
-2.056090055333217606e+05
-1.996090055333217606e+05
-1.936090055333217606e+05
-1.876090055333217606e+05
-1.816090055333217606e+05
-1.756090055333217606e+05
-1.696090055333217606e+05
-1.636090055333217606e+05
-1.576090055333217606e+05
-1.516090055333217606e+05
-1.456090055333217606e+05
-1.396090055333217606e+05
-1.336090055333217606e+05
-1.276090055333217606e+05
-1.216090055333217606e+05
-1.156090055333217606e+05
-1.096090055333217606e+05
-1.036090055333217606e+05
-9.760900553332176059e+04
-9.160900553332176059e+04
-8.560900553332176059e+04
-7.960900553332176059e+04
-7.360900553332176059e+04
-6.760900553332176059e+04
-6.160900553332176059e+04
-5.560900553332176059e+04
-4.960900553332176059e+04
-4.360900553332176059e+04
-3.760900553332176059e+04
-3.160900553332176059e+04
-2.560900553332176059e+04
-1.960900553332176059e+04
-1.360900553332176059e+04
-7.609005533321760595e+03
-1.609005533321760595e+03
4.390994466678239405e+03
1.039099446667823941e+04
1.639099446667823941e+04
2.239099446667823941e+04
2.839099446667823941e+04
3.439099446667823941e+04
4.039099446667823941e+04
4.639099446667823941e+04
5.239099446667823941e+04
5.839099446667823941e+04
6.439099446667823941e+04
7.039099446667823941e+04
7.639099446667823941e+04
8.239099446667823941e+04
8.839099446667823941e+04
9.439099446667823941e+04
1.003909944666782394e+05
1.063909944666782394e+05
1.123909944666782394e+05
1.183909944666782394e+05
1.243909944666782394e+05
1.303909944666782394e+05
1.363909944666782394e+05
1.423909944666782394e+05
1.483909944666782394e+05
1.543909944666782394e+05
1.603909944666782394e+05
1.663909944666782394e+05
1.723909944666782394e+05
1.783909944666782394e+05
1.843909944666782394e+05
1.903909944666782394e+05
1.963909944666782394e+05
2.023909944666782394e+05
2.083909944666782394e+05
2.143909944666782394e+05
2.203909944666782394e+05
2.263909944666782394e+05
2.323909944666782394e+05
2.383909944666782394e+05
2.443909944666782394e+05
2.503909944666782394e+05
2.563909944666782394e+05
2.623909944666782394e+05
2.683909944666782394e+05
2.743909944666782394e+05
2.803909944666782394e+05
2.863909944666782394e+05
2.923909944666782394e+05
2.983909944666782394e+05
3.043909944666782394e+05
3.103909944666782394e+05
3.163909944666782394e+05
3.223909944666782394e+05
3.283909944666782394e+05
3.343909944666782394e+05
3.403909944666782394e+05
3.463909944666782394e+05
3.523909944666782394e+05
3.583909944666782394e+05
3.643909944666782394e+05
3.703909944666782394e+05
3.763909944666782394e+05
3.823909944666782394e+05
3.883909944666782394e+05
3.943909944666782394e+05
4.003909944666782394e+05
4.063909944666782394e+05
4.123909944666782394e+05
4.183909944666782394e+05
4.243909944666782394e+05
4.303909944666782394e+05
4.363909944666782394e+05
4.423909944666782394e+05
4.483909944666782394e+05
4.543909944666782394e+05
4.603909944666782394e+05
4.663909944666782394e+05
4.723909944666782394e+05
4.783909944666782394e+05
4.843909944666782394e+05
4.903909944666782394e+05
4.963909944666782394e+05
5.023909944666782394e+05
5.083909944666782394e+05
5.143909944666782394e+05
5.203909944666782394e+05
5.263909944666782394e+05
5.323909944666782394e+05
5.383909944666782394e+05
5.443909944666782394e+05
5.503909944666782394e+05
5.563909944666782394e+05
5.623909944666782394e+05
5.683909944666782394e+05
5.743909944666782394e+05
5.803909944666782394e+05
5.863909944666782394e+05
5.923909944666782394e+05
5.983909944666782394e+05
6.043909944666782394e+05
6.103909944666782394e+05
6.163909944666782394e+05
6.223909944666782394e+05
6.283909944666782394e+05
6.343909944666782394e+05
6.403909944666782394e+05
6.463909944666782394e+05
6.523909944666782394e+05
6.583909944666782394e+05
6.643909944666782394e+05
6.703909944666782394e+05
6.763909944666782394e+05
