1.382106383720845042e+04 1.000000000000000000e+02
1.382006206227228540e+04 3.000000000000000000e+02
1.381895003480142987e+04 5.000000000000000000e+02
1.381744500406243060e+04 7.000000000000000000e+02
1.381463666115016167e+04 9.000000000000000000e+02
1.381170584828434221e+04 1.100000000000000000e+03
1.375399983631546638e+04 1.300000000000000000e+03
1.374660959315364198e+04 1.500000000000000000e+03
1.374265659732912536e+04 1.700000000000000000e+03
1.372503180207949845e+04 1.900000000000000000e+03
1.372069431402106238e+04 2.100000000000000000e+03
1.371599778372816218e+04 2.300000000000000000e+03
1.370734226881645191e+04 2.500000000000000000e+03
1.370000000000000000e+04 2.518722794579052788e+03
1.363093783830810753e+04 2.700000000000000000e+03
1.362266125501894930e+04 2.900000000000000000e+03
1.361693043966977893e+04 3.100000000000000000e+03
1.360782852730842023e+04 3.300000000000000000e+03
1.354228888036638273e+04 3.500000000000000000e+03
1.351841087085127219e+04 3.700000000000000000e+03
1.350385238568503155e+04 3.900000000000000000e+03
1.350000000000000000e+04 3.909710272923303819e+03
1.342611849645557413e+04 4.100000000000000000e+03
1.341142658649135956e+04 4.300000000000000000e+03
1.334151780651704030e+04 4.500000000000000000e+03
1.332197236670797247e+04 4.700000000000000000e+03
1.330003703146265980e+04 4.900000000000000000e+03
1.330000000000000000e+04 4.900089285955130435e+03
1.321540156480815676e+04 5.100000000000000000e+03
1.320469364125362517e+04 5.300000000000000000e+03
1.312319967199880193e+04 5.500000000000000000e+03
1.310086814613710158e+04 5.700000000000000000e+03
1.310000000000000000e+04 5.702001579805270921e+03
1.301244489100911233e+04 5.900000000000000000e+03
1.293801110369343041e+04 6.100000000000000000e+03
1.290578905517098792e+04 6.300000000000000000e+03
1.290005946046116514e+04 6.500000000000000000e+03
1.290000000000000000e+04 6.500125511124288096e+03
1.274519417901025736e+04 6.700000000000000000e+03
1.271563509913897724e+04 6.900000000000000000e+03
1.270030348099997536e+04 7.100000000000000000e+03
1.270000000000000000e+04 7.100625277478523458e+03
1.253959867863041836e+04 7.300000000000000000e+03
1.250741450215595250e+04 7.500000000000000000e+03
1.250000000000000000e+04 7.509337164182269589e+03
1.241274927749374365e+04 7.700000000000000000e+03
1.232452624388971526e+04 7.900000000000000000e+03
1.230142667830976461e+04 8.100000000000000000e+03
1.230000000000000000e+04 8.102797665636055171e+03
1.213371004740933859e+04 8.300000000000000000e+03
1.210231210185246528e+04 8.500000000000000000e+03
1.210000000000000000e+04 8.504364227308275076e+03
1.193018154080224667e+04 8.700000000000000000e+03
1.190214287593126210e+04 8.900000000000000000e+03
1.190000000000000000e+04 8.904054789588975837e+03
1.172421044120871375e+04 9.100000000000000000e+03
1.170128757730663710e+04 9.300000000000000000e+03
1.170000000000000000e+04 9.302487222190246030e+03
1.152618197921604406e+04 9.500000000000000000e+03
1.150208760378408988e+04 9.700000000000000000e+03
1.150000000000000000e+04 9.703941535277142975e+03
1.140263703217576403e+04 9.900000000000000000e+03
1.130274587847056137e+04 1.010000000000000000e+04
1.130000000000000000e+04 1.010517359340922485e+04
1.120355580932281737e+04 1.030000000000000000e+04
1.110405779468798028e+04 1.050000000000000000e+04
1.110000000000000000e+04 1.050747232146389251e+04
1.100263119641880257e+04 1.070000000000000000e+04
1.090395711785745880e+04 1.090000000000000000e+04
1.090000000000000000e+04 1.090707069374244566e+04
1.073610321764002765e+04 1.110000000000000000e+04
1.070269577341883632e+04 1.130000000000000000e+04
1.070000000000000000e+04 1.130470550296874899e+04
1.051976705680732994e+04 1.150000000000000000e+04
1.050021077100097682e+04 1.170000000000000000e+04
1.050000000000000000e+04 1.170039817082281479e+04
1.031108226954758902e+04 1.190000000000000000e+04
1.030000000000000000e+04 1.191155421152028430e+04
1.014121332078009982e+04 1.210000000000000000e+04
1.010234811847147103e+04 1.230000000000000000e+04
1.010000000000000000e+04 1.230438989779801159e+04
9.915270696234403658e+03 1.250000000000000000e+04
9.900000000000000000e+03 1.251653688340953704e+04
9.746616462373625836e+03 1.270000000000000000e+04
9.707837686941742504e+03 1.290000000000000000e+04
9.700000000000000000e+03 1.290801470625286493e+04
9.529581460586938192e+03 1.310000000000000000e+04
9.501369528543173146e+03 1.330000000000000000e+04
9.500000000000000000e+03 1.330273752272179627e+04
9.358830033263135192e+03 1.350000000000000000e+04
9.300000000000000000e+03 1.358156817357866748e+04
9.103383725367018997e+03 1.370000000000000000e+04
9.100000000000000000e+03 1.370102388069592598e+04
8.900000000000000000e+03 1.370900251597871465e+04
8.700000000000000000e+03 1.380077410048814818e+04
8.500000000000000000e+03 1.382339283360869013e+04
8.381802521619076288e+03 1.390000000000000000e+04
8.311413889174209544e+03 1.410000000000000000e+04
8.300596706186946903e+03 1.430000000000000000e+04
8.300000000000000000e+03 1.430120769453727553e+04
8.201946101528930740e+03 1.450000000000000000e+04
8.105764679642353258e+03 1.470000000000000000e+04
8.100000000000000000e+03 1.471328399653574525e+04
8.016093999030975283e+03 1.490000000000000000e+04
7.935011626223134954e+03 1.510000000000000000e+04
7.900000000000000000e+03 1.512981517237658954e+04
7.700000000000000000e+03 1.514178172843508401e+04
7.504852180234232947e+03 1.530000000000000000e+04
7.500000000000000000e+03 1.530242502735658672e+04
7.300000000000000000e+03 1.540549125164259749e+04
7.121116109236425473e+03 1.550000000000000000e+04
7.100000000000000000e+03 1.552053109548698740e+04
6.913124884901532823e+03 1.570000000000000000e+04
6.900000000000000000e+03 1.571267288805702810e+04
6.708342905703966608e+03 1.590000000000000000e+04
6.700000000000000000e+03 1.590820597512310633e+04
6.503807588363905779e+03 1.610000000000000000e+04
6.500000000000000000e+03 1.610372419442034879e+04
6.300000000000000000e+03 1.620784987800441013e+04
6.123611517973777154e+03 1.630000000000000000e+04
6.100000000000000000e+03 1.632189111685606804e+04
5.912453089772652675e+03 1.650000000000000000e+04
5.900000000000000000e+03 1.651204509908818363e+04
5.705707326750906759e+03 1.670000000000000000e+04
5.700000000000000000e+03 1.670556435766483992e+04
5.500270340462443528e+03 1.690000000000000000e+04
5.500000000000000000e+03 1.690013926305562563e+04
5.300000000000000000e+03 1.692162073462488115e+04
5.109681349027548094e+03 1.710000000000000000e+04
5.100000000000000000e+03 1.710934590194070915e+04
4.903266038770663727e+03 1.730000000000000000e+04
4.900000000000000000e+03 1.730169598254818266e+04
4.700000000000000000e+03 1.740306178186664329e+04
4.512677448573987931e+03 1.750000000000000000e+04
4.500000000000000000e+03 1.751224003861553501e+04
4.303098755618811083e+03 1.770000000000000000e+04
4.300000000000000000e+03 1.770157633613820144e+04
4.100000000000000000e+03 1.780241154278691829e+04
3.906075703651461481e+03 1.790000000000000000e+04
3.900000000000000000e+03 1.790583537156503735e+04
3.700000000000000000e+03 1.800818807419922814e+04
3.508175116030579829e+03 1.810000000000000000e+04
3.500000000000000000e+03 1.810720749139714098e+04
3.300104302966066371e+03 1.830000000000000000e+04
3.300000000000000000e+03 1.830005208136252622e+04
3.100000000000000000e+03 1.831197284590333948e+04
2.900000000000000000e+03 1.841116157870855022e+04
2.707016816988037135e+03 1.850000000000000000e+04
2.700000000000000000e+03 1.850577136146711928e+04
2.500000000000000000e+03 1.860742462646237254e+04
2.304097036379078418e+03 1.870000000000000000e+04
2.300000000000000000e+03 1.870357439987577527e+04
2.100000000000000000e+03 1.880226333085635633e+04
1.901435930085790005e+03 1.890000000000000000e+04
1.900000000000000000e+03 1.890075490749900564e+04
1.700000000000000000e+03 1.892469362641727639e+04
1.500000000000000000e+03 1.901336885455255469e+04
1.304963223256101855e+03 1.910000000000000000e+04
1.300000000000000000e+03 1.910387339368944595e+04
1.100000000000000000e+03 1.920606819085697134e+04
9.014347689175386904e+02 1.930000000000000000e+04
9.000000000000000000e+02 1.930070348120034032e+04
7.000000000000000000e+02 1.932808286815574684e+04
5.000000000000000000e+02 1.941103089212974373e+04
3.021752038957193918e+02 1.950000000000000000e+04
3.000000000000000000e+02 1.950099408961600420e+04
1.000000000000000000e+02 1.953578296631820558e+04
-1.000000000000000000e+02 1.961194719070353676e+04
-2.977147196072281190e+02 1.970000000000000000e+04
-3.000000000000000000e+02 1.970101763635503085e+04
-5.000000000000000000e+02 1.973477806879182754e+04
-7.000000000000000000e+02 1.980818027928401352e+04
-9.000000000000000000e+02 1.982837830440418475e+04
-1.071189632193143780e+03 1.990000000000000000e+04
-1.100000000000000000e+03 1.991197227032666706e+04
-1.300000000000000000e+03 1.994464602550039854e+04
-1.500000000000000000e+03 2.001231269847554358e+04
-1.700000000000000000e+03 2.003355582817850882e+04
-1.864280284594239447e+03 2.010000000000000000e+04
-1.900000000000000000e+03 2.011418611441126268e+04
-2.100000000000000000e+03 2.014678002657618708e+04
-2.300000000000000000e+03 2.021384332160611666e+04
-2.500000000000000000e+03 2.023106235463011399e+04
-2.672253561397420071e+03 2.030000000000000000e+04
-2.700000000000000000e+03 2.031126529115849917e+04
-2.900000000000000000e+03 2.032474990184551280e+04
-3.100000000000000000e+03 2.036276148219682364e+04
-3.300000000000000000e+03 2.041907615289539171e+04
-3.500000000000000000e+03 2.043391322437363851e+04
-3.667306561559709735e+03 2.050000000000000000e+04
-3.700000000000000000e+03 2.051273231500504335e+04
-3.900000000000000000e+03 2.052331855503010956e+04
-4.100000000000000000e+03 2.055020918593191891e+04
-4.300000000000000000e+03 2.061031366798462841e+04
-4.500000000000000000e+03 2.061763177726929644e+04
-4.700000000000000000e+03 2.062250890636938129e+04
-4.900000000000000000e+03 2.062672741466372463e+04
-5.097355803116529387e+03 2.070000000000000000e+04
-5.100000000000000000e+03 2.070099281015062297e+04
-5.300000000000000000e+03 2.070721897904199795e+04
-5.500000000000000000e+03 2.071075866702790518e+04
-5.700000000000000000e+03 2.071264096343049823e+04
-5.900000000000000000e+03 2.071361711834708331e+04
-6.100000000000000000e+03 2.148399329820669300e+04
-6.300000000000000000e+03 2.071402618116950180e+04
-6.500000000000000000e+03 2.071339601944142123e+04
-6.700000000000000000e+03 2.071195521511032348e+04
-6.900000000000000000e+03 2.070952082484585117e+04
-7.100000000000000000e+03 2.070651859620186951e+04
-7.300000000000000000e+03 2.070292231144156540e+04
-7.307725133503638062e+03 2.070000000000000000e+04
-7.500000000000000000e+03 2.062865324444745056e+04
-7.700000000000000000e+03 2.062375675682999645e+04
-7.900000000000000000e+03 2.062047505659656599e+04
-8.100000000000000000e+03 2.061637003146086499e+04
-8.300000000000000000e+03 2.061154082957217543e+04
-8.500000000000000000e+03 2.055382214699433098e+04
-8.700000000000000000e+03 2.054261273466547573e+04
-8.900000000000000000e+03 2.053602310750225297e+04
-9.100000000000000000e+03 2.051608478293701774e+04
-9.300000000000000000e+03 2.069516066596080054e+04
-9.500000000000000000e+03 2.089021710718921167e+04
-9.700000000000000000e+03 2.069463625926249370e+04
-9.897738882881005338e+03 2.050000000000000000e+04
-9.900000000000000000e+03 2.041159894178793547e+04
-1.010000000000000000e+04 2.040304109623941258e+04
-1.030000000000000000e+04 2.033214034969659042e+04
-1.050000000000000000e+04 2.049529852973184097e+04
-1.070000000000000000e+04 2.069210534662899954e+04
-1.090000000000000000e+04 2.049468559665708744e+04
-1.109756012362565525e+04 2.030000000000000000e+04
-1.110000000000000000e+04 2.020521473366259306e+04
-1.130000000000000000e+04 2.013174306274524497e+04
-1.150000000000000000e+04 2.010223189077439383e+04
-1.170000000000000000e+04 2.010000570835357212e+04
-1.170001306746469527e+04 2.010000000000000000e+04
-1.190000000000000000e+04 2.000954148741129029e+04
-1.210000000000000000e+04 1.993636869152960571e+04
-1.230000000000000000e+04 1.990688627572475889e+04
-1.250000000000000000e+04 1.990008455738683915e+04
-1.250019022292962654e+04 1.990000000000000000e+04
-1.270000000000000000e+04 1.989776990111081614e+04
-1.290000000000000000e+04 1.989739783345074829e+04
-1.310000000000000000e+04 1.989535434306877869e+04
-1.329796920626809697e+04 1.970000000000000000e+04
-1.330000000000000000e+04 1.961463249371716302e+04
-1.350000000000000000e+04 1.954242226241340177e+04
-1.370000000000000000e+04 1.951067723275061144e+04
-1.390000000000000000e+04 1.950007958473208782e+04
-1.390015942246256600e+04 1.950000000000000000e+04
-1.410000000000000000e+04 1.933827125543893635e+04
-1.430000000000000000e+04 1.930483324924069166e+04
-1.430608888538935207e+04 1.930000000000000000e+04
-1.450000000000000000e+04 1.921227286350297436e+04
-1.470000000000000000e+04 1.912045927782419676e+04
-1.490000000000000000e+04 1.910049264767512068e+04
-1.490096658013371234e+04 1.910000000000000000e+04
-1.510000000000000000e+04 1.893533458238164530e+04
-1.530000000000000000e+04 1.890376464992314868e+04
-1.530449231250189405e+04 1.890000000000000000e+04
-1.550000000000000000e+04 1.880917080638968764e+04
-1.570000000000000000e+04 1.870617209510269458e+04
-1.570771986059231676e+04 1.870000000000000000e+04
-1.590000000000000000e+04 1.861283303916843943e+04
-1.610000000000000000e+04 1.851412281598107802e+04
-1.630000000000000000e+04 1.850019589723856916e+04
-1.630037784466252197e+04 1.850000000000000000e+04
-1.650000000000000000e+04 1.840205450695530817e+04
-1.670000000000000000e+04 1.830153099883951654e+04
-1.670296988379616960e+04 1.830000000000000000e+04
-1.690000000000000000e+04 1.820690595065465459e+04
-1.710000000000000000e+04 1.810475241268530226e+04
-1.710949315808036408e+04 1.810000000000000000e+04
-1.730000000000000000e+04 1.796386520307346655e+04
-1.750000000000000000e+04 1.793578595949202645e+04
-1.754061805730896958e+04 1.790000000000000000e+04
-1.770000000000000000e+04 1.775230718188818355e+04
-1.790000000000000000e+04 1.771960201768846673e+04
-1.792600546366864000e+04 1.770000000000000000e+04
-1.793686935208801151e+04 1.750000000000000000e+04
-1.810000000000000000e+04 1.732268106171014369e+04
-1.811682598212211451e+04 1.730000000000000000e+04
-1.830000000000000000e+04 1.711346667835139669e+04
-1.831075885388659299e+04 1.710000000000000000e+04
-1.832223090977877291e+04 1.690000000000000000e+04
-1.850000000000000000e+04 1.673120341181590265e+04
-1.852593724935383216e+04 1.670000000000000000e+04
-1.870000000000000000e+04 1.652516261813307210e+04
-1.871964642936174641e+04 1.650000000000000000e+04
-1.890000000000000000e+04 1.630102902890374935e+04
-1.890097564786925068e+04 1.630000000000000000e+04
-1.903759025540294533e+04 1.610000000000000000e+04
-1.910000000000000000e+04 1.607340966176656548e+04
-1.930000000000000000e+04 1.590234767181837924e+04
-1.930239186832301129e+04 1.590000000000000000e+04
-1.950000000000000000e+04 1.586064549943042039e+04
-1.970000000000000000e+04 1.570989181690531041e+04
-1.971155625441828670e+04 1.570000000000000000e+04
-1.990000000000000000e+04 1.565862142465696343e+04
-2.010000000000000000e+04 1.550987513151735584e+04
-2.011161177176877027e+04 1.550000000000000000e+04
-2.030000000000000000e+04 1.545699233268631724e+04
-2.050000000000000000e+04 1.544733219626546634e+04
-2.070000000000000000e+04 1.541925353711353455e+04
-2.081452706175077401e+04 1.530000000000000000e+04
-2.085981350886209111e+04 1.510000000000000000e+04
-2.090000000000000000e+04 1.490162262000996270e+04
-2.090133420905761159e+04 1.490000000000000000e+04
-2.100632580747668180e+04 1.470000000000000000e+04
-2.104100390543023968e+04 1.450000000000000000e+04
-2.110000000000000000e+04 1.431240875083772517e+04
-2.111121191601071405e+04 1.430000000000000000e+04
-2.130000000000000000e+04 1.423631569801726982e+04
-2.143527050616015913e+04 1.410000000000000000e+04
-2.150000000000000000e+04 1.406152762602933035e+04
-2.170000000000000000e+04 1.405308276515770012e+04
-2.185443133516093076e+04 1.390000000000000000e+04
-2.190000000000000000e+04 1.380610795629457243e+04
-2.200631682465592530e+04 1.370000000000000000e+04
-2.205502703786577331e+04 1.350000000000000000e+04
-2.210000000000000000e+04 1.343894173155308818e+04
-2.224443731792426843e+04 1.330000000000000000e+04
-2.230000000000000000e+04 1.310449300767749628e+04
-2.230498775133382151e+04 1.310000000000000000e+04
-2.250000000000000000e+04 1.290405328331178862e+04
-2.250434842150466648e+04 1.290000000000000000e+04
-2.270000000000000000e+04 1.270949758397970254e+04
-2.271035640189415790e+04 1.270000000000000000e+04
-2.290000000000000000e+04 1.251903381104350046e+04
-2.292177799874653283e+04 1.250000000000000000e+04
-2.310000000000000000e+04 1.232529566922837512e+04
-2.312952786077420387e+04 1.230000000000000000e+04
-2.330000000000000000e+04 1.212650199562485977e+04
-2.333250438682798267e+04 1.210000000000000000e+04
-2.350000000000000000e+04 1.191641737311512406e+04
-2.351998143442264700e+04 1.190000000000000000e+04
-2.370000000000000000e+04 1.170266921518774325e+04
-2.390000000000000000e+04 1.170982442221382917e+04
-2.391077300931926220e+04 1.170000000000000000e+04
-2.410000000000000000e+04 1.151250402371094242e+04
-2.411378578672837466e+04 1.150000000000000000e+04
-2.430000000000000000e+04 1.131048670567379486e+04
-2.431308283104157817e+04 1.130000000000000000e+04
-2.450000000000000000e+04 1.117968334177691213e+04
-2.455343512879397531e+04 1.110000000000000000e+04
-2.470000000000000000e+04 1.095455958753660343e+04
-2.474671088403370959e+04 1.090000000000000000e+04
-2.490000000000000000e+04 1.073314926209239820e+04
-2.492525483903624263e+04 1.070000000000000000e+04
-2.495402485592079029e+04 1.050000000000000000e+04
-2.510000000000000000e+04 1.033631913829071345e+04
-2.512990933556277014e+04 1.030000000000000000e+04
-2.515978631530177881e+04 1.010000000000000000e+04
-2.530000000000000000e+04 9.933699431525914406e+03
-2.532850933200732106e+04 9.900000000000000000e+03
-2.536090636007206558e+04 9.700000000000000000e+03
-2.550000000000000000e+04 9.536086525245795201e+03
-2.553226636219063585e+04 9.500000000000000000e+03
-2.555572448446334602e+04 9.300000000000000000e+03
-2.570000000000000000e+04 9.125810844553787319e+03
-2.571352921431269715e+04 9.100000000000000000e+03
-2.574475356527892291e+04 8.900000000000000000e+03
-2.590000000000000000e+04 8.711362340221830891e+03
-2.590580893712321631e+04 8.700000000000000000e+03
-2.594138101203809492e+04 8.500000000000000000e+03
-2.596685811668552196e+04 8.300000000000000000e+03
-2.610000000000000000e+04 8.139486315931684658e+03
-2.613265965771851916e+04 8.100000000000000000e+03
-2.614936284213484760e+04 7.900000000000000000e+03
-2.630000000000000000e+04 7.709376651231684264e+03
-2.630465303150872933e+04 7.700000000000000000e+03
-2.633934990223417117e+04 7.500000000000000000e+03
-2.636244859884086691e+04 7.300000000000000000e+03
-2.650000000000000000e+04 7.105406877741767858e+03
-2.650248420829572569e+04 7.100000000000000000e+03
-2.653541041743772803e+04 6.900000000000000000e+03
-2.660530201670471070e+04 6.700000000000000000e+03
-2.670000000000000000e+04 6.501428167122379818e+03
-2.670067015915459706e+04 6.500000000000000000e+03
-2.671663991706358138e+04 6.300000000000000000e+03
-2.680437301957481031e+04 6.100000000000000000e+03
-2.690000000000000000e+04 5.900148553335354336e+03
-2.690007362014208047e+04 5.900000000000000000e+03
-2.690598679391141559e+04 5.700000000000000000e+03
-2.700009916410560618e+04 5.500000000000000000e+03
-2.700657081420577742e+04 5.300000000000000000e+03
-2.702161905117478818e+04 5.100000000000000000e+03
-2.710000000000000000e+04 4.901512334356953033e+03
-2.710063555333594559e+04 4.900000000000000000e+03
-2.711505602447715137e+04 4.700000000000000000e+03
-2.714322814781332272e+04 4.500000000000000000e+03
-2.721035204486533621e+04 4.300000000000000000e+03
-2.722371660277778574e+04 4.100000000000000000e+03
-2.730000000000000000e+04 3.906142349042692331e+03
-2.730250254933500037e+04 3.900000000000000000e+03
-2.731862748261165689e+04 3.700000000000000000e+03
-2.734693300726950474e+04 3.500000000000000000e+03
-2.741110159853892037e+04 3.300000000000000000e+03
-2.742284905752840496e+04 3.100000000000000000e+03
-2.750000000000000000e+04 2.901916755880356050e+03
-2.750076872324120268e+04 2.900000000000000000e+03
-2.751461885695277670e+04 2.700000000000000000e+03
-2.753811113097068301e+04 2.500000000000000000e+03
-2.755507238377758040e+04 2.300000000000000000e+03
-2.761308573420730318e+04 2.100000000000000000e+03
-2.762184946172370110e+04 1.900000000000000000e+03
-2.762975786973417780e+04 1.700000000000000000e+03
-2.770000000000000000e+04 1.510851176268036397e+03
-2.770410690180070742e+04 1.500000000000000000e+03
-2.771110388500674526e+04 1.300000000000000000e+03
-2.771557252119742043e+04 1.100000000000000000e+03
-2.771967091629596325e+04 9.000000000000000000e+02
-2.772368429812453542e+04 7.000000000000000000e+02
-2.774071395737824423e+04 5.000000000000000000e+02
-2.774787226795940296e+04 3.000000000000000000e+02
-2.780536991225361271e+04 1.000000000000000000e+02
