3.899223588882111926e+02
1.538992235888820505e+04
3.038992235888820142e+04
4.538992235888819414e+04
6.038992235888818686e+04
7.538992235888818686e+04
9.038992235888818686e+04
1.053899223588881723e+05
1.203899223588881723e+05
1.353899223588881432e+05
1.503899223588881432e+05
1.653899223588881432e+05
1.803899223588881432e+05
1.953899223588881432e+05
2.103899223588881141e+05
2.253899223588881141e+05
2.403899223588881141e+05
2.553899223588881141e+05
2.703899223588880850e+05
2.853899223588880850e+05
3.003899223588880850e+05
3.153899223588880850e+05
3.303899223588880850e+05
3.453899223588880850e+05
3.603899223588880850e+05
3.753899223588880850e+05
3.903899223588880850e+05
4.053899223588880268e+05
4.203899223588880268e+05
4.353899223588880268e+05
4.503899223588880268e+05
4.653899223588880268e+05
4.803899223588880268e+05
4.953899223588880268e+05
5.103899223588880268e+05
5.253899223588879686e+05
5.403899223588879686e+05
5.553899223588879686e+05
5.703899223588879686e+05
5.853899223588879686e+05
6.003899223588879686e+05
6.153899223588879686e+05
6.303899223588879686e+05
6.453899223588879686e+05
6.603899223588879686e+05
6.753899223588879686e+05
6.903899223588879686e+05
7.053899223588879686e+05
7.203899223588879686e+05
7.353899223588879686e+05
7.503899223588879686e+05
7.653899223588879686e+05
7.803899223588879686e+05
7.953899223588879686e+05
8.103899223588878522e+05
8.253899223588878522e+05
8.403899223588878522e+05
8.553899223588878522e+05
8.703899223588878522e+05
8.853899223588878522e+05
9.003899223588878522e+05
9.153899223588878522e+05
9.303899223588878522e+05
9.453899223588878522e+05
9.603899223588878522e+05
9.753899223588878522e+05
9.903899223588878522e+05
1.005389922358887852e+06
1.020389922358887852e+06
1.035389922358887852e+06
1.050389922358887736e+06
1.065389922358887736e+06
1.080389922358887736e+06
1.095389922358887736e+06
1.110389922358887736e+06
1.125389922358887736e+06
1.140389922358887736e+06
1.155389922358887736e+06
1.170389922358887736e+06
1.185389922358887736e+06
1.200389922358887736e+06
1.215389922358887736e+06
1.230389922358887736e+06
1.245389922358887736e+06
1.260389922358887736e+06
1.275389922358887736e+06
1.290389922358887736e+06
1.305389922358887736e+06
1.320389922358887736e+06
1.335389922358887736e+06
1.350389922358887736e+06
1.365389922358887736e+06
1.380389922358887736e+06
1.395389922358887736e+06
1.410389922358887736e+06
1.425389922358887736e+06
1.440389922358887736e+06
1.455389922358887736e+06
1.470389922358887736e+06
1.485389922358887736e+06
1.500389922358887736e+06
1.515389922358887736e+06
1.530389922358887736e+06
1.545389922358887736e+06
1.560389922358887736e+06
1.575389922358887736e+06
1.590389922358887736e+06
1.605389922358887503e+06
1.620389922358887503e+06
1.635389922358887503e+06
1.650389922358887503e+06
1.665389922358887503e+06
1.680389922358887503e+06
1.695389922358887503e+06
1.710389922358887503e+06
1.725389922358887503e+06
1.740389922358887503e+06
1.755389922358887503e+06
1.770389922358887503e+06
1.785389922358887503e+06
1.800389922358887503e+06
1.815389922358887503e+06
