2.067717613294059475e+01
1.010677176132940417e+03
2.000677176132940076e+03
2.990677176132939621e+03
3.980677176132939621e+03
4.970677176132940076e+03
5.960677176132939167e+03
6.950677176132939167e+03
7.940677176132939167e+03
8.930677176132938257e+03
9.920677176132938257e+03
1.091067717613293826e+04
1.190067717613293644e+04
1.289067717613293644e+04
1.388067717613293644e+04
1.487067717613293644e+04
1.586067717613293644e+04
1.685067717613293644e+04
1.784067717613293644e+04
1.883067717613293644e+04
1.982067717613293644e+04
2.081067717613293644e+04
2.180067717613293644e+04
2.279067717613293644e+04
2.378067717613293280e+04
2.477067717613293280e+04
2.576067717613293280e+04
2.675067717613293280e+04
2.774067717613293280e+04
2.873067717613293280e+04
2.972067717613293280e+04
3.071067717613293280e+04
3.170067717613293280e+04
3.269067717613293280e+04
3.368067717613293644e+04
3.467067717613293644e+04
3.566067717613293644e+04
3.665067717613293644e+04
3.764067717613293644e+04
3.863067717613293644e+04
3.962067717613293644e+04
4.061067717613293644e+04
4.160067717613293644e+04
4.259067717613293644e+04
4.358067717613293644e+04
4.457067717613293644e+04
4.556067717613293644e+04
4.655067717613293644e+04
4.754067717613292916e+04
4.853067717613292916e+04
4.952067717613292916e+04
5.051067717613292916e+04
5.150067717613292916e+04
5.249067717613292916e+04
5.348067717613292916e+04
5.447067717613292916e+04
5.546067717613292916e+04
5.645067717613292916e+04
5.744067717613292916e+04
5.843067717613292916e+04
5.942067717613292916e+04
6.041067717613292916e+04
6.140067717613292916e+04
6.239067717613292916e+04
6.338067717613292916e+04
6.437067717613292916e+04
6.536067717613292916e+04
6.635067717613292916e+04
6.734067717613292916e+04
6.833067717613292916e+04
6.932067717613292916e+04
7.031067717613292916e+04
7.130067717613292916e+04
7.229067717613292916e+04
7.328067717613292916e+04
7.427067717613292916e+04
7.526067717613292916e+04
7.625067717613292916e+04
7.724067717613292916e+04
7.823067717613292916e+04
7.922067717613292916e+04
8.021067717613292916e+04
8.120067717613292916e+04
8.219067717613292916e+04
8.318067717613292916e+04
8.417067717613292916e+04
8.516067717613292916e+04
8.615067717613292916e+04
8.714067717613292916e+04
8.813067717613292916e+04
8.912067717613292916e+04
9.011067717613292916e+04
9.110067717613292916e+04
9.209067717613292916e+04
9.308067717613292916e+04
9.407067717613292916e+04
9.506067717613291461e+04
9.605067717613291461e+04
9.704067717613291461e+04
9.803067717613291461e+04
9.902067717613291461e+04
1.000106771761329146e+05
1.010006771761329146e+05
1.019906771761329146e+05
1.029806771761329146e+05
1.039706771761329146e+05
1.049606771761329146e+05
1.059506771761329146e+05
1.069406771761329146e+05
1.079306771761329146e+05
1.089206771761329146e+05
1.099106771761329146e+05
1.109006771761329146e+05
1.118906771761329146e+05
1.128806771761329146e+05
1.138706771761329146e+05
1.148606771761329146e+05
1.158506771761329146e+05
1.168406771761329146e+05
1.178306771761329146e+05
1.188206771761329146e+05
1.198106771761329146e+05
1.208006771761329146e+05
1.217906771761329146e+05
1.227806771761329146e+05
1.237706771761329146e+05
1.247606771761329146e+05
1.257506771761329146e+05
1.267406771761329146e+05
