6.258314255397078796e+02 1.650000000000000000e+01
6.234189506395163107e+02 4.950000000000000000e+01
6.105000000000000000e+02 6.791561498134609565e+01
5.977045555483892940e+02 8.250000000000000000e+01
5.928639982005672664e+02 1.155000000000000000e+02
5.817727409227696853e+02 1.485000000000000000e+02
5.775000000000000000e+02 1.659972616364383953e+02
5.714393320705863744e+02 1.815000000000000000e+02
5.567335720804672974e+02 2.145000000000000000e+02
5.645115388147033855e+02 2.475000000000000000e+02
5.533718503418954242e+02 2.805000000000000000e+02
5.522262611887052799e+02 3.135000000000000000e+02
5.556889397889093516e+02 3.465000000000000000e+02
5.548808604564220559e+02 3.795000000000000000e+02
5.490803543642143723e+02 4.125000000000000000e+02
5.454151110921023928e+02 4.455000000000000000e+02
5.445000000000000000e+02 4.471645844103375111e+02
5.241854603656090603e+02 4.785000000000000000e+02
5.450273480029635493e+02 5.115000000000000000e+02
5.491784829964324217e+02 5.445000000000000000e+02
5.484368342864885335e+02 5.775000000000000000e+02
5.457716942781331682e+02 6.105000000000000000e+02
5.452431808590504261e+02 6.435000000000000000e+02
5.446034084947407337e+02 6.765000000000000000e+02
5.189508629597570462e+02 7.095000000000000000e+02
5.118511648259379854e+02 7.425000000000000000e+02
5.115000000000000000e+02 7.453601293101669398e+02
5.049161365861226614e+02 7.755000000000000000e+02
4.925660578885073164e+02 8.085000000000000000e+02
4.919391707569085384e+02 8.415000000000000000e+02
5.170154452449502287e+02 8.745000000000000000e+02
5.165896726349601522e+02 9.075000000000000000e+02
4.874080293514272171e+02 9.405000000000000000e+02
4.859006204164191445e+02 9.735000000000000000e+02
4.856480051719186690e+02 1.006500000000000000e+03
4.833970302063643203e+02 1.039500000000000000e+03
4.785000000000000000e+02 1.045145809212052882e+03
4.534494447972225544e+02 1.072500000000000000e+03
4.526752823857282237e+02 1.105500000000000000e+03
4.502566029104937115e+02 1.138500000000000000e+03
4.455000000000000000e+02 1.143616838505765145e+03
4.196621990241185927e+02 1.171500000000000000e+03
4.125000000000000000e+02 1.179214215403139178e+03
3.795000000000000000e+02 1.186526883304687772e+03
3.575738876760766516e+02 1.204500000000000000e+03
3.465000000000000000e+02 1.218375017850414906e+03
3.135000000000000000e+02 1.221713828757516467e+03
2.805000000000000000e+02 1.222105211079758874e+03
2.678541467136901133e+02 1.237500000000000000e+03
2.496666705007973235e+02 1.270500000000000000e+03
2.476589764338503983e+02 1.303500000000000000e+03
2.475000000000000000e+02 1.303669906606632367e+03
2.357669247731816711e+02 1.336500000000000000e+03
2.284330985032466117e+02 1.369500000000000000e+03
2.145000000000000000e+02 1.388049756531356707e+03
1.827894473457412801e+02 1.402500000000000000e+03
1.815000000000000000e+02 1.402908467492127329e+03
1.485000000000000000e+02 1.424798169037914249e+03
1.431107119130230672e+02 1.435500000000000000e+03
1.405235310659612082e+02 1.468500000000000000e+03
1.181328791132199996e+02 1.501500000000000000e+03
1.155000000000000000e+02 1.505591743095659922e+03
9.449101118577041802e+01 1.534500000000000000e+03
8.250000000000000000e+01 1.543502157014082059e+03
4.950000000000000000e+01 1.563387251884822035e+03
1.651384692172131707e+01 1.567500000000000000e+03
1.650000000000000000e+01 1.567507293269865613e+03
-1.437530698145633856e+01 1.600500000000000000e+03
-1.434042330724452086e+01 1.633500000000000000e+03
-1.455664587172189428e+01 1.666500000000000000e+03
-1.650000000000000000e+01 1.672257838373202958e+03
-3.834381576270045855e+01 1.699500000000000000e+03
-4.950000000000000000e+01 1.705332835045880529e+03
-8.242049368793949782e+01 1.732500000000000000e+03
-8.250000000000000000e+01 1.732557763703320461e+03
-1.155000000000000000e+02 1.734505229140336269e+03
-1.485000000000000000e+02 1.749682801449797353e+03
-1.783802918854751169e+02 1.765500000000000000e+03
-1.815000000000000000e+02 1.767154563606540023e+03
-2.145000000000000000e+02 1.776703776704899383e+03
-2.468868487441546336e+02 1.798500000000000000e+03
-2.475000000000000000e+02 1.799087810182815701e+03
-2.805000000000000000e+02 1.804874863759659775e+03
-3.070676582904711154e+02 1.831500000000000000e+03
-3.135000000000000000e+02 1.839245937511353077e+03
-3.353147145248782977e+02 1.864500000000000000e+03
-3.463304794254317471e+02 1.897500000000000000e+03
-3.465000000000000000e+02 1.897575672252813320e+03
-3.795000000000000000e+02 1.905534627924648021e+03
-4.065810905878520884e+02 1.930500000000000000e+03
-4.125000000000000000e+02 1.932626060078129058e+03
-4.455000000000000000e+02 1.941293559156279798e+03
-4.726955600645703157e+02 1.963500000000000000e+03
-4.785000000000000000e+02 1.969024057624890929e+03
-5.069515999146260583e+02 1.996500000000000000e+03
-5.115000000000000000e+02 1.998937471434843474e+03
-5.445000000000000000e+02 2.007775415751616720e+03
-5.716465415152019887e+02 2.029500000000000000e+03
-5.775000000000000000e+02 2.034871952744091459e+03
-6.041207471214710267e+02 2.062500000000000000e+03
-6.105000000000000000e+02 2.071732432641368632e+03
-6.346026753875452187e+02 2.095500000000000000e+03
-6.435000000000000000e+02 2.103138421794615169e+03
-6.718118191181375778e+02 2.128500000000000000e+03
-6.765000000000000000e+02 2.133941079862735478e+03
-7.054478183737489871e+02 2.161500000000000000e+03
-7.095000000000000000e+02 2.165932229614320931e+03
-7.374855862952124426e+02 2.194500000000000000e+03
-7.425000000000000000e+02 2.198141625059197395e+03
-7.755000000000000000e+02 2.205908290079814833e+03
-8.028316271293905402e+02 2.227500000000000000e+03
-8.085000000000000000e+02 2.230043066629827990e+03
-8.415000000000000000e+02 2.233683658548542098e+03
-8.745000000000000000e+02 2.245403228415253125e+03
-9.075000000000000000e+02 2.251652164173167421e+03
-9.380580964252135345e+02 2.260500000000000000e+03
-9.405000000000000000e+02 2.261763859047411643e+03
-9.735000000000000000e+02 2.267674560385459245e+03
-1.006500000000000000e+03 2.280144450988611879e+03
-1.038994469083516151e+03 2.293500000000000000e+03
-1.039500000000000000e+03 2.293739194443196993e+03
-1.072500000000000000e+03 2.297647493964154364e+03
-1.105500000000000000e+03 2.306918699468947580e+03
-1.138500000000000000e+03 2.316162821939188234e+03
-1.171500000000000000e+03 2.317920602523467096e+03
-1.198857377288906719e+03 2.326500000000000000e+03
-1.204500000000000000e+03 2.328425415100338796e+03
-1.237500000000000000e+03 2.338156751015549162e+03
-1.270500000000000000e+03 2.339850337027990918e+03
-1.303500000000000000e+03 2.346084946049351856e+03
-1.336500000000000000e+03 2.350936992411268875e+03
-1.364839149919017245e+03 2.359500000000000000e+03
-1.369500000000000000e+03 2.361446472073541827e+03
-1.402500000000000000e+03 2.365709219685196786e+03
-1.435500000000000000e+03 2.378016189758187465e+03
-1.468500000000000000e+03 2.380562194607442962e+03
-1.501500000000000000e+03 2.393447216763921006e+03
-1.534500000000000000e+03 2.394646457092398578e+03
-1.567500000000000000e+03 2.395636162774082095e+03
-1.600500000000000000e+03 2.397171631071979391e+03
-1.633500000000000000e+03 2.409439432700085490e+03
-1.666500000000000000e+03 2.410946178341309860e+03
-1.699500000000000000e+03 2.412377336101897981e+03
-1.732500000000000000e+03 2.417483591714376416e+03
-1.765500000000000000e+03 2.426828370413164976e+03
-1.798500000000000000e+03 2.428766915476818212e+03
-1.831500000000000000e+03 2.432007338329499362e+03
-1.864500000000000000e+03 2.433848436850043981e+03
-1.897500000000000000e+03 2.435588026422405619e+03
-1.930500000000000000e+03 2.436394406861012158e+03
-1.963500000000000000e+03 2.445653924962461588e+03
-1.996500000000000000e+03 2.446722041700097179e+03
-2.029500000000000000e+03 2.447867409671097903e+03
-2.062500000000000000e+03 2.459232342177741430e+03
-2.095500000000000000e+03 2.460342712032917007e+03
-2.128500000000000000e+03 2.461001733194486860e+03
-2.161500000000000000e+03 2.461932438131987965e+03
-2.194500000000000000e+03 2.462134912710806020e+03
-2.227500000000000000e+03 2.461674910638695110e+03
-2.260500000000000000e+03 2.461295265490449765e+03
-2.293500000000000000e+03 2.460456406857872935e+03
-2.326500000000000000e+03 2.458622242535833720e+03
-2.359500000000000000e+03 2.447919807730394950e+03
-2.392500000000000000e+03 2.446262301543744798e+03
-2.425500000000000000e+03 2.443514877218969104e+03
-2.458500000000000000e+03 2.431839109392160481e+03
-2.491500000000000000e+03 2.426890323652989991e+03
-2.524500000000000000e+03 2.425527365797173843e+03
-2.557500000000000000e+03 2.410557278962593955e+03
-2.590500000000000000e+03 2.403710776920292119e+03
-2.623500000000000000e+03 2.392673662896998849e+03
-2.656500000000000000e+03 2.384321811539663486e+03
-2.689500000000000000e+03 2.376132270261750818e+03
-2.722500000000000000e+03 2.367801807617731356e+03
-2.739236996603409352e+03 2.359500000000000000e+03
-2.755500000000000000e+03 2.351438232026982405e+03
-2.788500000000000000e+03 2.343115952111947536e+03
-2.821500000000000000e+03 2.326794595870194826e+03
-2.822374070356919219e+03 2.326500000000000000e+03
-2.854500000000000000e+03 2.318333036933626317e+03
-2.887500000000000000e+03 2.304672401623604856e+03
-2.904411109765994752e+03 2.293500000000000000e+03
-2.920500000000000000e+03 2.287096367329366331e+03
-2.953500000000000000e+03 2.280408073683533075e+03
-2.986500000000000000e+03 2.260900448643206346e+03
-2.987665050228523342e+03 2.260500000000000000e+03
-3.019500000000000000e+03 2.253956468711750858e+03
-3.052500000000000000e+03 2.244154424472414576e+03
-3.085500000000000000e+03 2.234215526110829160e+03
-3.096683318392287219e+03 2.227500000000000000e+03
-3.118500000000000000e+03 2.214472434083594635e+03
-3.151500000000000000e+03 2.208137665936847498e+03
-3.184500000000000000e+03 2.200069970249346625e+03
-3.201127251332402921e+03 2.194500000000000000e+03
-3.217500000000000000e+03 2.180019747903038933e+03
-3.250500000000000000e+03 2.163119961027074623e+03
-3.255383807794619770e+03 2.161500000000000000e+03
-3.283500000000000000e+03 2.131589804562369409e+03
-3.286627576663739546e+03 2.128500000000000000e+03
-3.316500000000000000e+03 2.095917897347431790e+03
-3.316688967190129915e+03 2.095500000000000000e+03
-3.349500000000000000e+03 2.082637734503553020e+03
-3.382500000000000000e+03 2.071038761870410326e+03
-3.390951980182550415e+03 2.062500000000000000e+03
-3.415500000000000000e+03 2.046905041432695953e+03
-3.448500000000000000e+03 2.043945973210542661e+03
-3.481500000000000000e+03 2.035318255396864970e+03
-3.488152409209809775e+03 2.029500000000000000e+03
-3.514500000000000000e+03 2.008689948704104609e+03
-3.547500000000000000e+03 2.006080358778350728e+03
-3.580500000000000000e+03 1.996524129314502943e+03
-3.580528378079324284e+03 1.996500000000000000e+03
-3.613500000000000000e+03 1.969662634878895915e+03
-3.646500000000000000e+03 1.963865580384302348e+03
-3.647121324301538152e+03 1.963500000000000000e+03
-3.679500000000000000e+03 1.932828203024644381e+03
-3.687749809036148235e+03 1.930500000000000000e+03
-3.712500000000000000e+03 1.905980781207682639e+03
-3.724597450385576849e+03 1.897500000000000000e+03
-3.745500000000000000e+03 1.873260714209620119e+03
-3.754189552669166915e+03 1.864500000000000000e+03
-3.750896360015263781e+03 1.831500000000000000e+03
-3.748297551197574194e+03 1.798500000000000000e+03
-3.778500000000000000e+03 1.769352776891108078e+03
-3.782020488011796715e+03 1.765500000000000000e+03
-3.811500000000000000e+03 1.759159697848416045e+03
-3.844500000000000000e+03 1.732647276361894910e+03
-3.844657943187761703e+03 1.732500000000000000e+03
-3.877500000000000000e+03 1.701770371740371502e+03
-3.879818361665163593e+03 1.699500000000000000e+03
-3.903865312440762409e+03 1.666500000000000000e+03
-3.910500000000000000e+03 1.652585797281143186e+03
-3.929751693852830158e+03 1.633500000000000000e+03
-3.943500000000000000e+03 1.627020647918022632e+03
-3.976500000000000000e+03 1.600878843560706628e+03
-3.977003700810020746e+03 1.600500000000000000e+03
-4.009500000000000000e+03 1.576605097067530096e+03
-4.042500000000000000e+03 1.577769582841817282e+03
-4.075500000000000000e+03 1.580255099585026073e+03
-4.108500000000000000e+03 1.571486788272919512e+03
-4.110313027174399394e+03 1.567500000000000000e+03
-4.141500000000000000e+03 1.535271757263602922e+03
-4.141812371903692110e+03 1.534500000000000000e+03
-4.151790570686220235e+03 1.501500000000000000e+03
-4.174500000000000000e+03 1.476648277480228217e+03
-4.176511930340964682e+03 1.468500000000000000e+03
-4.207500000000000000e+03 1.435685267940811855e+03
-4.207686627769327970e+03 1.435500000000000000e+03
-4.213816847379327555e+03 1.402500000000000000e+03
-4.240500000000000000e+03 1.375361936610034718e+03
-4.246637815222758945e+03 1.369500000000000000e+03
-4.249445364420687838e+03 1.336500000000000000e+03
-4.273500000000000000e+03 1.310681908134326477e+03
-4.280655146285288538e+03 1.303500000000000000e+03
-4.284757387833826215e+03 1.270500000000000000e+03
-4.306500000000000000e+03 1.244773959943607906e+03
-4.313788241435056989e+03 1.237500000000000000e+03
-4.320473044350107557e+03 1.204500000000000000e+03
-4.339500000000000000e+03 1.180629708494594524e+03
-4.347432254161719356e+03 1.171500000000000000e+03
-4.353457431999261644e+03 1.138500000000000000e+03
-4.372500000000000000e+03 1.113866023039645142e+03
-4.380138079302293590e+03 1.105500000000000000e+03
-4.386182005237836165e+03 1.072500000000000000e+03
-4.395597329453107704e+03 1.039500000000000000e+03
-4.405500000000000000e+03 1.028520489987296287e+03
-4.418745212227451702e+03 1.006500000000000000e+03
-4.419224181084287011e+03 9.735000000000000000e+02
-4.430319341483777862e+03 9.405000000000000000e+02
-4.438500000000000000e+03 9.241031449967400704e+02
-4.446849360671229078e+03 9.075000000000000000e+02
-4.451759030429300765e+03 8.745000000000000000e+02
-4.455635138849268515e+03 8.415000000000000000e+02
-4.463339392640673395e+03 8.085000000000000000e+02
-4.471500000000000000e+03 7.920775897684665097e+02
-4.480177422134280278e+03 7.755000000000000000e+02
-4.485711503142108995e+03 7.425000000000000000e+02
-4.491337822993607006e+03 7.095000000000000000e+02
-4.491955391017739203e+03 6.765000000000000000e+02
-4.496831494536112587e+03 6.435000000000000000e+02
-4.504500000000000000e+03 6.270793967935096589e+02
-4.515567702207100410e+03 6.105000000000000000e+02
-4.522024437192228106e+03 5.775000000000000000e+02
-4.527381546107404574e+03 5.445000000000000000e+02
-4.537500000000000000e+03 5.115450836726074044e+02
-4.537526279821034223e+03 5.115000000000000000e+02
-4.543210207755340889e+03 4.785000000000000000e+02
-4.556965859118125081e+03 4.455000000000000000e+02
-4.570500000000000000e+03 4.125406632089879508e+02
-4.570520147193195044e+03 4.125000000000000000e+02
-4.577899266972190162e+03 3.795000000000000000e+02
-4.588974346253576186e+03 3.465000000000000000e+02
-4.596078205709755821e+03 3.135000000000000000e+02
-4.603500000000000000e+03 2.870624256772533158e+02
-4.605901904885107797e+03 2.805000000000000000e+02
-4.608824182959122481e+03 2.475000000000000000e+02
-4.620777987921327622e+03 2.145000000000000000e+02
-4.622032300722093169e+03 1.815000000000000000e+02
-4.622809194102511356e+03 1.485000000000000000e+02
-4.623232915352619784e+03 1.155000000000000000e+02
-4.626950303728219296e+03 8.250000000000000000e+01
-4.627370779123040847e+03 4.950000000000000000e+01
-4.627977199027484858e+03 1.650000000000000000e+01
