4.465185156697895081e+02
1.544651851566978439e+04
3.044651851566977712e+04
4.544651851566977712e+04
6.044651851566976984e+04
7.544651851566975529e+04
9.044651851566975529e+04
1.054465185156697407e+05
1.204465185156697407e+05
1.354465185156697407e+05
1.504465185156697407e+05
1.654465185156697407e+05
1.804465185156697407e+05
1.954465185156697407e+05
2.104465185156697116e+05
2.254465185156697116e+05
2.404465185156697116e+05
2.554465185156697116e+05
2.704465185156696825e+05
2.854465185156696825e+05
3.004465185156696825e+05
3.154465185156696825e+05
3.304465185156696825e+05
3.454465185156696825e+05
3.604465185156696825e+05
3.754465185156696825e+05
3.904465185156696825e+05
4.054465185156696243e+05
4.204465185156696243e+05
4.354465185156696243e+05
4.504465185156696243e+05
4.654465185156696243e+05
4.804465185156696243e+05
4.954465185156696243e+05
5.104465185156696243e+05
5.254465185156695079e+05
5.404465185156695079e+05
5.554465185156695079e+05
5.704465185156695079e+05
5.854465185156695079e+05
6.004465185156695079e+05
6.154465185156695079e+05
6.304465185156695079e+05
6.454465185156695079e+05
6.604465185156695079e+05
6.754465185156695079e+05
6.904465185156695079e+05
7.054465185156695079e+05
7.204465185156695079e+05
7.354465185156695079e+05
7.504465185156695079e+05
7.654465185156695079e+05
7.804465185156695079e+05
7.954465185156695079e+05
8.104465185156693915e+05
8.254465185156693915e+05
8.404465185156693915e+05
8.554465185156693915e+05
8.704465185156693915e+05
8.854465185156693915e+05
9.004465185156693915e+05
9.154465185156693915e+05
9.304465185156693915e+05
9.454465185156693915e+05
9.604465185156693915e+05
9.754465185156693915e+05
9.904465185156693915e+05
1.005446518515669391e+06
1.020446518515669391e+06
1.035446518515669391e+06
1.050446518515669275e+06
1.065446518515669275e+06
1.080446518515669275e+06
1.095446518515669275e+06
1.110446518515669275e+06
1.125446518515669275e+06
1.140446518515669275e+06
1.155446518515669275e+06
1.170446518515669275e+06
1.185446518515669275e+06
1.200446518515669275e+06
1.215446518515669275e+06
1.230446518515669275e+06
1.245446518515669275e+06
1.260446518515669275e+06
1.275446518515669275e+06
1.290446518515669275e+06
1.305446518515669275e+06
1.320446518515669275e+06
1.335446518515669275e+06
1.350446518515669275e+06
1.365446518515669275e+06
1.380446518515669275e+06
1.395446518515669275e+06
1.410446518515669275e+06
1.425446518515669275e+06
1.440446518515669275e+06
1.455446518515669275e+06
1.470446518515669275e+06
1.485446518515669275e+06
1.500446518515669275e+06
1.515446518515669275e+06
1.530446518515669275e+06
1.545446518515669275e+06
