8.902268371624060819e+03 2.500000000000000000e+02
8.932638015544815062e+03 7.500000000000000000e+02
8.838043171544717552e+03 1.250000000000000000e+03
8.834366481822866263e+03 1.750000000000000000e+03
8.814318802325333309e+03 2.250000000000000000e+03
8.824466235590025462e+03 2.750000000000000000e+03
8.802047120692555836e+03 3.250000000000000000e+03
8.750000000000000000e+03 3.541556685363189899e+03
8.689593211987701579e+03 3.750000000000000000e+03
8.750071884376540766e+03 4.250000000000000000e+03
8.555807775571618549e+03 4.750000000000000000e+03
8.462326735310280128e+03 5.250000000000000000e+03
8.438756616088301598e+03 5.750000000000000000e+03
8.250000284565683614e+03 6.250000000000000000e+03
8.250000000000000000e+03 6.250000622757523161e+03
8.063358762425446912e+03 6.750000000000000000e+03
7.771943395397052882e+03 7.250000000000000000e+03
7.750000000000000000e+03 7.274826329351039021e+03
7.604598284964311460e+03 7.750000000000000000e+03
7.532037370467353867e+03 8.250000000000000000e+03
7.360510717636601839e+03 8.750000000000000000e+03
7.250040978271443237e+03 9.250000000000000000e+03
7.250000000000000000e+03 9.250188158340375594e+03
7.162510962590740746e+03 9.750000000000000000e+03
6.959009655985333666e+03 1.025000000000000000e+04
6.759301551259458392e+03 1.075000000000000000e+04
6.750000000000000000e+03 1.083824177959875124e+04
6.693612861094570690e+03 1.125000000000000000e+04
6.283057976479917670e+03 1.175000000000000000e+04
6.250000000000000000e+03 1.198358968066540365e+04
6.220973730931098544e+03 1.225000000000000000e+04
5.824532906518158597e+03 1.275000000000000000e+04
5.750000000000000000e+03 1.292990622464119406e+04
5.673990101956501348e+03 1.325000000000000000e+04
5.328274295844348671e+03 1.375000000000000000e+04
5.257756382105790181e+03 1.425000000000000000e+04
5.250000000000000000e+03 1.425832048892847706e+04
4.750016680889432791e+03 1.475000000000000000e+04
4.750000000000000000e+03 1.475000895475779726e+04
4.433606669388216687e+03 1.525000000000000000e+04
4.250000000000000000e+03 1.550005414763106819e+04
4.091194536999339107e+03 1.575000000000000000e+04
3.919148426408893101e+03 1.625000000000000000e+04
3.750000000000000000e+03 1.642751600517311817e+04
3.250000000000000000e+03 1.661374033514090115e+04
3.026806292654800927e+03 1.675000000000000000e+04
2.750000000000000000e+03 1.700891138278975268e+04
2.630086064636825540e+03 1.725000000000000000e+04
2.501044167662396376e+03 1.775000000000000000e+04
2.250000000000000000e+03 1.802928219730758428e+04
2.108226516375615574e+03 1.825000000000000000e+04
1.750501447423544505e+03 1.875000000000000000e+04
1.750000000000000000e+03 1.875048381018626606e+04
1.250000000000000000e+03 1.878984253545920728e+04
1.062127280248983197e+03 1.925000000000000000e+04
7.500023531666058716e+02 1.975000000000000000e+04
7.500000000000000000e+02 1.975000388369001666e+04
5.042103044102037188e+02 2.025000000000000000e+04
2.500202668464137332e+02 2.075000000000000000e+04
2.500000000000000000e+02 2.075001066807970710e+04
-2.500000000000000000e+02 2.081434788793922780e+04
-7.500000000000000000e+02 2.112033232133755882e+04
-9.060034056485324072e+02 2.125000000000000000e+04
-1.250000000000000000e+03 2.152159869048632027e+04
-1.696421563458338596e+03 2.175000000000000000e+04
-1.750000000000000000e+03 2.179962336259882795e+04
-2.250000000000000000e+03 2.214875467216531615e+04
-2.418808504737053227e+03 2.225000000000000000e+04
-2.750000000000000000e+03 2.254251745013551408e+04
-2.964148370008714664e+03 2.275000000000000000e+04
-3.250000000000000000e+03 2.305932353173601950e+04
-3.726400739281872575e+03 2.325000000000000000e+04
-3.750000000000000000e+03 2.328281206286719316e+04
-4.249951817740881779e+03 2.375000000000000000e+04
-4.250000000000000000e+03 2.375005136707668134e+04
-4.397457425392549339e+03 2.425000000000000000e+04
-4.749992779555397647e+03 2.475000000000000000e+04
-4.750000000000000000e+03 2.475000565357642699e+04
-5.250000000000000000e+03 2.503497789640645351e+04
-5.750000000000000000e+03 2.511618555997460498e+04
-5.901130917839370341e+03 2.525000000000000000e+04
-6.250000000000000000e+03 2.555976157072129718e+04
-6.713584370289362596e+03 2.575000000000000000e+04
-6.750000000000000000e+03 2.577658002055396355e+04
-7.250000000000000000e+03 2.608227611430938487e+04
-7.677113274404782715e+03 2.625000000000000000e+04
-7.750000000000000000e+03 2.629311159126453640e+04
-8.250000000000000000e+03 2.646653291404977062e+04
-8.678334894481606170e+03 2.675000000000000000e+04
-8.750000000000000000e+03 2.677752299638079785e+04
-9.250000000000000000e+03 2.691572582730155409e+04
-9.748187655151941726e+03 2.725000000000000000e+04
-9.750000000000000000e+03 2.725083306994818849e+04
-1.025000000000000000e+04 2.735432816464154894e+04
-1.075000000000000000e+04 2.745583517031628435e+04
-1.122441177097333457e+04 2.775000000000000000e+04
-1.125000000000000000e+04 2.776017151975144589e+04
-1.175000000000000000e+04 2.787065605356315791e+04
-1.225000000000000000e+04 2.806291912320385745e+04
-1.272243321365298107e+04 2.825000000000000000e+04
-1.275000000000000000e+04 2.825997767348300113e+04
-1.325000000000000000e+04 2.831616351021698210e+04
-1.375000000000000000e+04 2.855433149473371304e+04
-1.425000000000000000e+04 2.875421933088804508e+04
-1.475000000000000000e+04 2.881243840692235608e+04
-1.525000000000000000e+04 2.890898234994278027e+04
-1.575000000000000000e+04 2.926598996275458558e+04
-1.625000000000000000e+04 2.931881483093791758e+04
-1.675000000000000000e+04 2.937959016510789297e+04
-1.725000000000000000e+04 2.943770863727965843e+04
-1.775000000000000000e+04 2.945835048070076300e+04
-1.825000000000000000e+04 2.949040890893692995e+04
-1.875000000000000000e+04 2.950821003317426948e+04
-1.925000000000000000e+04 2.959301316470094025e+04
-1.975000000000000000e+04 2.959455945247236377e+04
-2.025000000000000000e+04 2.976322544154776551e+04
-2.075000000000000000e+04 2.978081482402051552e+04
-2.125000000000000000e+04 2.977723360582054738e+04
-2.175000000000000000e+04 2.977915573102261624e+04
-2.225000000000000000e+04 2.977595411123871236e+04
-2.275000000000000000e+04 2.976945528375382855e+04
-2.325000000000000000e+04 2.975354260859287024e+04
-2.375000000000000000e+04 2.957759017225635762e+04
-2.425000000000000000e+04 2.957687097658435232e+04
-2.475000000000000000e+04 2.957946207452484305e+04
-2.525000000000000000e+04 2.958497830791343222e+04
-2.575000000000000000e+04 2.950131697681193691e+04
-2.625000000000000000e+04 2.951286642884268440e+04
-2.675000000000000000e+04 2.951255853614593434e+04
-2.725000000000000000e+04 2.950701020001731376e+04
-2.775000000000000000e+04 2.948074457301485745e+04
-2.825000000000000000e+04 2.944089642601751257e+04
-2.875000000000000000e+04 2.939510688681718966e+04
-2.925000000000000000e+04 2.935283561460177225e+04
-2.975000000000000000e+04 2.931532970206820028e+04
-3.025000000000000000e+04 2.926346330931966440e+04
-3.075000000000000000e+04 2.890392730573596782e+04
-3.125000000000000000e+04 2.876310394814856409e+04
-3.175000000000000000e+04 2.854595618401906177e+04
-3.225000000000000000e+04 2.833213372116773826e+04
-3.275000000000000000e+04 2.825363836197429191e+04
-3.275454062465129027e+04 2.825000000000000000e+04
-3.325000000000000000e+04 2.807465880940641364e+04
-3.375000000000000000e+04 2.805123926304672568e+04
-3.425000000000000000e+04 2.801809305061321720e+04
-3.475000000000000000e+04 2.777586900457986121e+04
-3.525000000000000000e+04 2.775022043728791323e+04
-3.525041240831821779e+04 2.775000000000000000e+04
-3.575000000000000000e+04 2.752769877534298575e+04
-3.625000000000000000e+04 2.742860415170513079e+04
-3.675000000000000000e+04 2.725527282358414959e+04
-3.675987749493420415e+04 2.725000000000000000e+04
-3.725000000000000000e+04 2.703809933710120458e+04
-3.775000000000000000e+04 2.694537408804410734e+04
-3.825000000000000000e+04 2.676915494623271661e+04
-3.828701997637323802e+04 2.675000000000000000e+04
-3.875000000000000000e+04 2.652833217821762446e+04
-3.925000000000000000e+04 2.630353117436954562e+04
-3.975000000000000000e+04 2.626477429582341574e+04
-3.979231902497916599e+04 2.625000000000000000e+04
-4.025000000000000000e+04 2.587154369075436989e+04
-4.075000000000000000e+04 2.576921076663389613e+04
-4.079573434770235326e+04 2.575000000000000000e+04
-4.125000000000000000e+04 2.533236647751575583e+04
-4.137280988845651154e+04 2.525000000000000000e+04
-4.175000000000000000e+04 2.486895304067276447e+04
-4.186253001817795302e+04 2.475000000000000000e+04
-4.177101216420980199e+04 2.425000000000000000e+04
-4.225000000000000000e+04 2.378809333709624480e+04
-4.228056764552312961e+04 2.375000000000000000e+04
-4.275000000000000000e+04 2.325027096342601726e+04
-4.275023779594212829e+04 2.325000000000000000e+04
-4.325000000000000000e+04 2.308088718148945918e+04
-4.375000000000000000e+04 2.275175580580963651e+04
-4.375159931552012858e+04 2.275000000000000000e+04
-4.425000000000000000e+04 2.251230138297696612e+04
-4.450365399338361749e+04 2.225000000000000000e+04
-4.475000000000000000e+04 2.208835521623865498e+04
-4.525000000000000000e+04 2.200799492955266760e+04
-4.550109956265366782e+04 2.175000000000000000e+04
-4.575000000000000000e+04 2.151829834298241985e+04
-4.625000000000000000e+04 2.125499055402789600e+04
-4.625475629733868118e+04 2.125000000000000000e+04
-4.675000000000000000e+04 2.091762764811875240e+04
-4.691920772567284439e+04 2.075000000000000000e+04
-4.725000000000000000e+04 2.043439889209279136e+04
-4.775000000000000000e+04 2.027275281836162685e+04
-4.777411452290831949e+04 2.025000000000000000e+04
-4.825000000000000000e+04 1.975101005439399887e+04
-4.825095716084761079e+04 1.975000000000000000e+04
-4.842756949400011217e+04 1.925000000000000000e+04
-4.875000000000000000e+04 1.876277986523184518e+04
-4.876253013742919575e+04 1.875000000000000000e+04
-4.925000000000000000e+04 1.825276243007306402e+04
-4.925266433140935987e+04 1.825000000000000000e+04
-4.943697395897727256e+04 1.775000000000000000e+04
-4.975000000000000000e+04 1.742109425957504209e+04
-4.991835852527474344e+04 1.725000000000000000e+04
-5.003317399563785148e+04 1.675000000000000000e+04
-5.025000000000000000e+04 1.650681161431208238e+04
-5.042875561953344732e+04 1.625000000000000000e+04
-5.075000000000000000e+04 1.575250473742592112e+04
-5.075238529257658956e+04 1.575000000000000000e+04
-5.100446419212827459e+04 1.525000000000000000e+04
-5.125000000000000000e+04 1.475640822355686760e+04
-5.125367835049339192e+04 1.475000000000000000e+04
-5.150403791968194855e+04 1.425000000000000000e+04
-5.175000000000000000e+04 1.375242083631906644e+04
-5.175151395271612273e+04 1.375000000000000000e+04
-5.200387700599064556e+04 1.325000000000000000e+04
-5.225000000000000000e+04 1.275014617084525162e+04
-5.225014535365336633e+04 1.275000000000000000e+04
-5.250123371910355490e+04 1.225000000000000000e+04
-5.259204972513764369e+04 1.175000000000000000e+04
-5.275000000000000000e+04 1.125228502094125542e+04
-5.275215308970677870e+04 1.125000000000000000e+04
-5.308340136595838703e+04 1.075000000000000000e+04
-5.325000000000000000e+04 1.025170491126663183e+04
-5.325172163155260205e+04 1.025000000000000000e+04
-5.350647321442892280e+04 9.750000000000000000e+03
-5.362225279414589022e+04 9.250000000000000000e+03
-5.375000000000000000e+04 8.751886992234989521e+03
-5.375134675577508460e+04 8.750000000000000000e+03
-5.382302405233637546e+04 8.250000000000000000e+03
-5.413864030127569276e+04 7.750000000000000000e+03
-5.425000000000000000e+04 7.250975695270454707e+03
-5.425083864573768369e+04 7.250000000000000000e+03
-5.436933664824537846e+04 6.750000000000000000e+03
-5.457779645009968954e+04 6.250000000000000000e+03
-5.475000000000000000e+04 5.805346583225988979e+03
-5.479908225670680258e+04 5.750000000000000000e+03
-5.484700038183289143e+04 5.250000000000000000e+03
-5.488312321334469016e+04 4.750000000000000000e+03
-5.506337396996646567e+04 4.250000000000000000e+03
-5.525000000000000000e+04 3.751531057158703788e+03
-5.525099939991164138e+04 3.750000000000000000e+03
-5.528731731542861235e+04 3.250000000000000000e+03
-5.535625174581032479e+04 2.750000000000000000e+03
-5.535338041792996228e+04 2.250000000000000000e+03
-5.541318541087270569e+04 1.750000000000000000e+03
-5.575000000000000000e+04 1.255154777442001887e+03
-5.575225296150109352e+04 1.250000000000000000e+03
-5.576090535390813602e+04 7.500000000000000000e+02
-5.575014660660411027e+04 2.500000000000000000e+02
