-2.210324479871246498e+06
-2.195324479871246498e+06
-2.180324479871246498e+06
-2.165324479871246498e+06
-2.150324479871246498e+06
-2.135324479871246498e+06
-2.120324479871246498e+06
-2.105324479871246498e+06
-2.090324479871246498e+06
-2.075324479871246498e+06
-2.060324479871246498e+06
-2.045324479871246498e+06
-2.030324479871246498e+06
-2.015324479871246498e+06
-2.000324479871246498e+06
-1.985324479871246498e+06
-1.970324479871246498e+06
-1.955324479871246498e+06
-1.940324479871246498e+06
-1.925324479871246498e+06
-1.910324479871246498e+06
-1.895324479871246498e+06
-1.880324479871246498e+06
-1.865324479871246498e+06
-1.850324479871246498e+06
-1.835324479871246498e+06
-1.820324479871246498e+06
-1.805324479871246498e+06
-1.790324479871246498e+06
-1.775324479871246498e+06
-1.760324479871246498e+06
-1.745324479871246498e+06
-1.730324479871246498e+06
-1.715324479871246498e+06
-1.700324479871246498e+06
-1.685324479871246498e+06
-1.670324479871246498e+06
-1.655324479871246498e+06
-1.640324479871246498e+06
-1.625324479871246498e+06
-1.610324479871246498e+06
-1.595324479871246498e+06
-1.580324479871246498e+06
-1.565324479871246498e+06
-1.550324479871246498e+06
-1.535324479871246498e+06
-1.520324479871246498e+06
-1.505324479871246498e+06
-1.490324479871246498e+06
-1.475324479871246498e+06
-1.460324479871246498e+06
-1.445324479871246498e+06
-1.430324479871246498e+06
-1.415324479871246498e+06
-1.400324479871246498e+06
-1.385324479871246498e+06
-1.370324479871246498e+06
-1.355324479871246498e+06
-1.340324479871246498e+06
-1.325324479871246498e+06
-1.310324479871246498e+06
-1.295324479871246498e+06
-1.280324479871246498e+06
-1.265324479871246498e+06
-1.250324479871246498e+06
-1.235324479871246498e+06
-1.220324479871246498e+06
-1.205324479871246498e+06
-1.190324479871246498e+06
-1.175324479871246498e+06
-1.160324479871246498e+06
-1.145324479871246498e+06
-1.130324479871246498e+06
-1.115324479871246498e+06
-1.100324479871246498e+06
-1.085324479871246498e+06
-1.070324479871246498e+06
-1.055324479871246498e+06
-1.040324479871246498e+06
-1.025324479871246498e+06
-1.010324479871246498e+06
-9.953244798712464981e+05
-9.803244798712464981e+05
-9.653244798712464981e+05
-9.503244798712464981e+05
-9.353244798712464981e+05
-9.203244798712464981e+05
-9.053244798712464981e+05
-8.903244798712464981e+05
-8.753244798712464981e+05
-8.603244798712464981e+05
-8.453244798712464981e+05
-8.303244798712464981e+05
-8.153244798712464981e+05
-8.003244798712464981e+05
-7.853244798712464981e+05
-7.703244798712464981e+05
-7.553244798712464981e+05
-7.403244798712464981e+05
-7.253244798712464981e+05
-7.103244798712464981e+05
-6.953244798712464981e+05
-6.803244798712464981e+05
-6.653244798712464981e+05
-6.503244798712464981e+05
-6.353244798712464981e+05
-6.203244798712464981e+05
-6.053244798712464981e+05
-5.903244798712464981e+05
-5.753244798712464981e+05
-5.603244798712464981e+05
-5.453244798712464981e+05
-5.303244798712464981e+05
-5.153244798712464981e+05
-5.003244798712464981e+05
-4.853244798712464981e+05
-4.703244798712464981e+05
-4.553244798712464981e+05
-4.403244798712464981e+05
-4.253244798712464981e+05
-4.103244798712464981e+05
-3.953244798712464981e+05
-3.803244798712464981e+05
-3.653244798712464981e+05
-3.503244798712464981e+05
-3.353244798712464981e+05
-3.203244798712464981e+05
-3.053244798712464981e+05
-2.903244798712464981e+05
-2.753244798712464981e+05
-2.603244798712464981e+05
-2.453244798712464981e+05
-2.303244798712464981e+05
-2.153244798712464981e+05
-2.003244798712464981e+05
-1.853244798712464981e+05
-1.703244798712464981e+05
-1.553244798712464981e+05
-1.403244798712464981e+05
-1.253244798712464981e+05
-1.103244798712464981e+05
-9.532447987124649808e+04
-8.032447987124649808e+04
-6.532447987124649808e+04
-5.032447987124649808e+04
-3.532447987124649808e+04
-2.032447987124649808e+04
-5.324479871246498078e+03
9.675520128753501922e+03
2.467552012875350192e+04
3.967552012875350192e+04
5.467552012875350192e+04
6.967552012875350192e+04
8.467552012875350192e+04
9.967552012875350192e+04
1.146755201287535019e+05
1.296755201287535019e+05
1.446755201287535019e+05
1.596755201287535019e+05
1.746755201287535019e+05
1.896755201287535019e+05
2.046755201287535019e+05
2.196755201287535019e+05
2.346755201287535019e+05
2.496755201287535019e+05
