-1.548731438423595857e+06
-1.533731438423595857e+06
-1.518731438423595857e+06
-1.503731438423595857e+06
-1.488731438423595857e+06
-1.473731438423595857e+06
-1.458731438423595857e+06
-1.443731438423595857e+06
-1.428731438423595857e+06
-1.413731438423595857e+06
-1.398731438423595857e+06
-1.383731438423595857e+06
-1.368731438423595857e+06
-1.353731438423595857e+06
-1.338731438423595857e+06
-1.323731438423595857e+06
-1.308731438423595857e+06
-1.293731438423595857e+06
-1.278731438423595857e+06
-1.263731438423595857e+06
-1.248731438423595857e+06
-1.233731438423595857e+06
-1.218731438423595857e+06
-1.203731438423595857e+06
-1.188731438423595857e+06
-1.173731438423595857e+06
-1.158731438423595857e+06
-1.143731438423595857e+06
-1.128731438423595857e+06
-1.113731438423595857e+06
-1.098731438423595857e+06
-1.083731438423595857e+06
-1.068731438423595857e+06
-1.053731438423595857e+06
-1.038731438423595857e+06
-1.023731438423595857e+06
-1.008731438423595857e+06
-9.937314384235958569e+05
-9.787314384235958569e+05
-9.637314384235958569e+05
-9.487314384235958569e+05
-9.337314384235958569e+05
-9.187314384235958569e+05
-9.037314384235958569e+05
-8.887314384235958569e+05
-8.737314384235958569e+05
-8.587314384235958569e+05
-8.437314384235958569e+05
-8.287314384235958569e+05
-8.137314384235958569e+05
-7.987314384235958569e+05
-7.837314384235958569e+05
-7.687314384235958569e+05
-7.537314384235958569e+05
-7.387314384235958569e+05
-7.237314384235958569e+05
-7.087314384235958569e+05
-6.937314384235958569e+05
-6.787314384235958569e+05
-6.637314384235958569e+05
-6.487314384235958569e+05
-6.337314384235958569e+05
-6.187314384235958569e+05
-6.037314384235958569e+05
-5.887314384235958569e+05
-5.737314384235958569e+05
-5.587314384235958569e+05
-5.437314384235958569e+05
-5.287314384235958569e+05
-5.137314384235958569e+05
-4.987314384235958569e+05
-4.837314384235958569e+05
-4.687314384235958569e+05
-4.537314384235958569e+05
-4.387314384235958569e+05
-4.237314384235958569e+05
-4.087314384235958569e+05
-3.937314384235958569e+05
-3.787314384235958569e+05
-3.637314384235958569e+05
-3.487314384235958569e+05
-3.337314384235958569e+05
-3.187314384235958569e+05
-3.037314384235958569e+05
-2.887314384235958569e+05
-2.737314384235958569e+05
-2.587314384235958569e+05
-2.437314384235958569e+05
-2.287314384235958569e+05
-2.137314384235958569e+05
-1.987314384235958569e+05
-1.837314384235958569e+05
-1.687314384235958569e+05
-1.537314384235958569e+05
-1.387314384235958569e+05
-1.237314384235958569e+05
-1.087314384235958569e+05
-9.373143842359585688e+04
-7.873143842359585688e+04
-6.373143842359585688e+04
-4.873143842359585688e+04
-3.373143842359585688e+04
-1.873143842359585688e+04
-3.731438423595856875e+03
1.126856157640414312e+04
2.626856157640414312e+04
4.126856157640414312e+04
5.626856157640414312e+04
7.126856157640414312e+04
8.626856157640414312e+04
1.012685615764041431e+05
