-3.058384232423115987e+06
-3.028384232423115987e+06
-2.998384232423115987e+06
-2.968384232423115987e+06
-2.938384232423115987e+06
-2.908384232423115987e+06
-2.878384232423115987e+06
-2.848384232423115987e+06
-2.818384232423115987e+06
-2.788384232423115987e+06
-2.758384232423115987e+06
-2.728384232423115987e+06
-2.698384232423115987e+06
-2.668384232423115987e+06
-2.638384232423115987e+06
-2.608384232423115987e+06
-2.578384232423115987e+06
-2.548384232423115987e+06
-2.518384232423115987e+06
-2.488384232423115987e+06
-2.458384232423115987e+06
-2.428384232423115987e+06
-2.398384232423115987e+06
-2.368384232423115987e+06
-2.338384232423115987e+06
-2.308384232423115987e+06
-2.278384232423115987e+06
-2.248384232423115987e+06
-2.218384232423115987e+06
-2.188384232423115987e+06
-2.158384232423115987e+06
-2.128384232423115987e+06
-2.098384232423115987e+06
-2.068384232423115987e+06
-2.038384232423115987e+06
-2.008384232423115987e+06
-1.978384232423115987e+06
-1.948384232423115987e+06
-1.918384232423115987e+06
-1.888384232423115987e+06
-1.858384232423115987e+06
-1.828384232423115987e+06
-1.798384232423115987e+06
-1.768384232423115987e+06
-1.738384232423115987e+06
-1.708384232423115987e+06
-1.678384232423115987e+06
-1.648384232423115987e+06
-1.618384232423115987e+06
-1.588384232423115987e+06
-1.558384232423115987e+06
-1.528384232423115987e+06
-1.498384232423115987e+06
-1.468384232423115987e+06
-1.438384232423115987e+06
-1.408384232423115987e+06
-1.378384232423115987e+06
-1.348384232423115987e+06
-1.318384232423115987e+06
-1.288384232423115987e+06
-1.258384232423115987e+06
-1.228384232423115987e+06
-1.198384232423115987e+06
-1.168384232423115987e+06
-1.138384232423115987e+06
-1.108384232423115987e+06
-1.078384232423115987e+06
-1.048384232423115987e+06
-1.018384232423115987e+06
-9.883842324231159873e+05
-9.583842324231159873e+05
-9.283842324231159873e+05
-8.983842324231159873e+05
-8.683842324231159873e+05
-8.383842324231159873e+05
-8.083842324231159873e+05
-7.783842324231159873e+05
-7.483842324231159873e+05
-7.183842324231159873e+05
-6.883842324231159873e+05
-6.583842324231159873e+05
-6.283842324231159873e+05
-5.983842324231159873e+05
-5.683842324231159873e+05
-5.383842324231159873e+05
-5.083842324231159873e+05
-4.783842324231159873e+05
-4.483842324231159873e+05
-4.183842324231159873e+05
-3.883842324231159873e+05
-3.583842324231159873e+05
-3.283842324231159873e+05
-2.983842324231159873e+05
-2.683842324231159873e+05
-2.383842324231159873e+05
-2.083842324231159873e+05
-1.783842324231159873e+05
-1.483842324231159873e+05
-1.183842324231159873e+05
-8.838423242311598733e+04
-5.838423242311598733e+04
-2.838423242311598733e+04
1.615767576884012669e+03
3.161576757688401267e+04
6.161576757688401267e+04
9.161576757688401267e+04
1.216157675768840127e+05
1.516157675768840127e+05
1.816157675768840127e+05
2.116157675768840127e+05
2.416157675768840127e+05
2.716157675768840127e+05
3.016157675768840127e+05
3.316157675768840127e+05
3.616157675768840127e+05
3.916157675768840127e+05
4.216157675768840127e+05
4.516157675768840127e+05
4.816157675768840127e+05
5.116157675768840127e+05
5.416157675768840127e+05
5.716157675768840127e+05
6.016157675768840127e+05
6.316157675768840127e+05
6.616157675768840127e+05
6.916157675768840127e+05
7.216157675768840127e+05
7.516157675768840127e+05
7.816157675768840127e+05
8.116157675768840127e+05
8.416157675768840127e+05
8.716157675768840127e+05
9.016157675768840127e+05
9.316157675768840127e+05
9.616157675768840127e+05
9.916157675768840127e+05
1.021615767576884013e+06
1.051615767576884013e+06
1.081615767576884013e+06
