6.210021557905875670e+04 5.000000000000000000e+02
6.209382046124868793e+04 1.500000000000000000e+03
6.208067480787281238e+04 2.500000000000000000e+03
6.206343670009847119e+04 3.500000000000000000e+03
6.183098416188093688e+04 4.500000000000000000e+03
6.178004161203673721e+04 5.500000000000000000e+03
6.174556014277454233e+04 6.500000000000000000e+03
6.168992500140680204e+04 7.500000000000000000e+03
6.159032137700798194e+04 8.500000000000000000e+03
6.155030814067156462e+04 9.500000000000000000e+03
6.151155706914784969e+04 1.050000000000000000e+04
6.150004929485645698e+04 1.150000000000000000e+04
6.150000000000000000e+04 1.150012608578382788e+04
6.109451804803228151e+04 1.250000000000000000e+04
6.104543320590838266e+04 1.350000000000000000e+04
6.073589705688855611e+04 1.450000000000000000e+04
6.063965884658937284e+04 1.550000000000000000e+04
6.052257195313232660e+04 1.650000000000000000e+04
6.050026874755006429e+04 1.750000000000000000e+04
6.050000000000000000e+04 1.750064384834974771e+04
6.006553650192628993e+04 1.850000000000000000e+04
5.974963422917050775e+04 1.950000000000000000e+04
5.963157514564766461e+04 2.050000000000000000e+04
5.950377024300746416e+04 2.150000000000000000e+04
5.950000000000000000e+04 2.150919540344793131e+04
5.908698353181798302e+04 2.250000000000000000e+04
5.875140219846774562e+04 2.350000000000000000e+04
5.861107330540543626e+04 2.450000000000000000e+04
5.850252475839844556e+04 2.550000000000000000e+04
5.850000000000000000e+04 2.550569492923059443e+04
5.806436486598688498e+04 2.650000000000000000e+04
5.763272364658037259e+04 2.750000000000000000e+04
5.750802749974485050e+04 2.850000000000000000e+04
5.750000000000000000e+04 2.851050531525928091e+04
5.706776225612895360e+04 2.950000000000000000e+04
5.661151931742510351e+04 3.050000000000000000e+04
5.650312454250523297e+04 3.150000000000000000e+04
5.650000000000000000e+04 3.150622130009334433e+04
5.574136221364830999e+04 3.250000000000000000e+04
5.552708375838350912e+04 3.350000000000000000e+04
5.550000000000000000e+04 3.353598325090976869e+04
5.507671014157164609e+04 3.450000000000000000e+04
5.458745369357143500e+04 3.550000000000000000e+04
5.450172119930099871e+04 3.650000000000000000e+04
5.450000000000000000e+04 3.650328319139043015e+04
5.364470658354376792e+04 3.750000000000000000e+04
5.351075465880221600e+04 3.850000000000000000e+04
5.350000000000000000e+04 3.851241278712269559e+04
5.267476874555696850e+04 3.950000000000000000e+04
5.253145369669404317e+04 4.050000000000000000e+04
5.250000000000000000e+04 4.053487004850390076e+04
5.165746770180527528e+04 4.150000000000000000e+04
5.152282293693276006e+04 4.250000000000000000e+04
5.150000000000000000e+04 4.252422992644902115e+04
5.058441690936570376e+04 4.350000000000000000e+04
5.050034942446102650e+04 4.450000000000000000e+04
5.050000000000000000e+04 4.450064321012780420e+04
4.956070717386958859e+04 4.550000000000000000e+04
4.950000000000000000e+04 4.556618774479681451e+04
4.872043812743117451e+04 4.650000000000000000e+04
4.851729851542315737e+04 4.750000000000000000e+04
4.850000000000000000e+04 4.751791802615694905e+04
4.754096871025607106e+04 4.850000000000000000e+04
4.750000000000000000e+04 4.854291440627539851e+04
4.668562704390634462e+04 4.950000000000000000e+04
4.650000000000000000e+04 4.973695794571047736e+04
4.580246186260996183e+04 5.050000000000000000e+04
4.550000000000000000e+04 5.080306722334359074e+04
4.466515934946293419e+04 5.150000000000000000e+04
4.450000000000000000e+04 5.164371751046842110e+04
4.406378585039288009e+04 5.250000000000000000e+04
4.352467742161248316e+04 5.350000000000000000e+04
4.350000000000000000e+04 5.352555792574122461e+04
4.258965595769453648e+04 5.450000000000000000e+04
4.250000000000000000e+04 5.460695233558109612e+04
4.162972743660781271e+04 5.550000000000000000e+04
4.150000000000000000e+04 5.561728178841368208e+04
4.064530457661128457e+04 5.650000000000000000e+04
4.050000000000000000e+04 5.665457189023296814e+04
3.971126588562202960e+04 5.750000000000000000e+04
3.952252145579417993e+04 5.850000000000000000e+04
3.950000000000000000e+04 5.853059092177288403e+04
3.874662454421191069e+04 5.950000000000000000e+04
3.850000000000000000e+04 5.969931311222392105e+04
3.750264110505401914e+04 6.050000000000000000e+04
3.750000000000000000e+04 6.050142467440180189e+04
3.650000000000000000e+04 6.062887655289046961e+04
3.550000000000000000e+04 6.112695715339099115e+04
3.518340457968593546e+04 6.150000000000000000e+04
3.476848924825975701e+04 6.250000000000000000e+04
3.450000000000000000e+04 6.277846162662140705e+04
3.360550014194357209e+04 6.350000000000000000e+04
3.350000000000000000e+04 6.360120342761444044e+04
3.257570851782636237e+04 6.450000000000000000e+04
3.250000000000000000e+04 6.456771828809755243e+04
3.152944752977529424e+04 6.550000000000000000e+04
3.150000000000000000e+04 6.552855388698023307e+04
3.051710258112710653e+04 6.650000000000000000e+04
3.050000000000000000e+04 6.651726004529958300e+04
2.953083321734414130e+04 6.750000000000000000e+04
2.950000000000000000e+04 6.752908741251721221e+04
2.850000000000000000e+04 6.774778143729316071e+04
2.755816416421665781e+04 6.850000000000000000e+04
2.750000000000000000e+04 6.855345872296877496e+04
2.651749697844461843e+04 6.950000000000000000e+04
2.650000000000000000e+04 6.951692870187682274e+04
2.550000000000000000e+04 7.005207193917824770e+04
2.457512964455199472e+04 7.050000000000000000e+04
2.450000000000000000e+04 7.056453801778939669e+04
2.351980417053870406e+04 7.150000000000000000e+04
2.350000000000000000e+04 7.151905543889796536e+04
2.250000000000000000e+04 7.204242883513789275e+04
2.154808876734416117e+04 7.250000000000000000e+04
2.150000000000000000e+04 7.254160543184014386e+04
2.050240499582149278e+04 7.350000000000000000e+04
2.050000000000000000e+04 7.350124847485392820e+04
1.950000000000000000e+04 7.359248385419113038e+04
1.850407477613711308e+04 7.450000000000000000e+04
1.850000000000000000e+04 7.450216669351264136e+04
1.750000000000000000e+04 7.461143756642178050e+04
1.650284243257297567e+04 7.550000000000000000e+04
1.650000000000000000e+04 7.550151328600266424e+04
1.550000000000000000e+04 7.560277797023985477e+04
1.450111917775228358e+04 7.650000000000000000e+04
1.450000000000000000e+04 7.650058543042265228e+04
1.350000000000000000e+04 7.657200725811747543e+04
1.250000000000000000e+04 7.705453947326030175e+04
1.151970108322136912e+04 7.750000000000000000e+04
1.150000000000000000e+04 7.751599294754031871e+04
1.050000000000000000e+04 7.802139264555381669e+04
9.502579897921892552e+03 7.850000000000000000e+04
9.500000000000000000e+03 7.850133090263302438e+04
8.500000000000000000e+03 7.860237881342653418e+04
7.500000000000000000e+03 7.905379524990329810e+04
6.506268811896647094e+03 7.950000000000000000e+04
6.500000000000000000e+03 7.950303301159740658e+04
5.500000000000000000e+03 7.964445318702630175e+04
4.500000000000000000e+03 8.006698364184630918e+04
3.504560063045915285e+03 8.050000000000000000e+04
3.500000000000000000e+03 8.050349719468865078e+04
2.500000000000000000e+03 8.064090919048164506e+04
1.500000000000000000e+03 8.106999886572582182e+04
5.000000000000000000e+02 8.150054501681293186e+04
-5.000000000000000000e+02 8.158333679880558338e+04
-1.500000000000000000e+03 8.173098570544074755e+04
-2.500000000000000000e+03 8.209102924132604676e+04
-3.500000000000000000e+03 8.250027527132442628e+04
-4.500000000000000000e+03 8.256411024696039385e+04
-5.500000000000000000e+03 8.267758493838182767e+04
-6.500000000000000000e+03 8.276947773910342949e+04
-7.500000000000000000e+03 8.284542765750549734e+04
-8.500000000000000000e+03 8.310986766928057477e+04
-9.500000000000000000e+03 8.317804479688871652e+04
-1.050000000000000000e+04 8.355015839172643609e+04
-1.150000000000000000e+04 8.361255500539398054e+04
-1.250000000000000000e+04 8.365411370109481504e+04
-1.350000000000000000e+04 8.370295179876861221e+04
-1.450000000000000000e+04 8.374177287578173855e+04
-1.550000000000000000e+04 8.377932878974141204e+04
-1.650000000000000000e+04 8.381429870542665594e+04
-1.750000000000000000e+04 8.384272903490471072e+04
-1.850000000000000000e+04 8.385959903579772799e+04
-1.950000000000000000e+04 8.387584333654138027e+04
-2.050000000000000000e+04 8.387756012613511120e+04
-2.150000000000000000e+04 8.387508052840975870e+04
-2.250000000000000000e+04 8.386618972429835412e+04
-2.350000000000000000e+04 8.385524233875633217e+04
-2.450000000000000000e+04 8.383216512361126661e+04
-2.550000000000000000e+04 8.379914471521829546e+04
-2.650000000000000000e+04 8.376055583284700697e+04
-2.750000000000000000e+04 8.371518731908002519e+04
-2.850000000000000000e+04 8.366643789437398664e+04
-2.950000000000000000e+04 8.361492809914400277e+04
-3.050000000000000000e+04 8.354339310191644472e+04
-3.150000000000000000e+04 8.350111572261438414e+04
-3.250000000000000000e+04 8.311813886955002090e+04
-3.350000000000000000e+04 8.307351195024947810e+04
-3.450000000000000000e+04 8.277511655086632527e+04
-3.550000000000000000e+04 8.267550833774919738e+04
-3.650000000000000000e+04 8.258943922846671194e+04
-3.750000000000000000e+04 8.250188191947656742e+04
-3.850000000000000000e+04 8.208120809447152715e+04
-3.950000000000000000e+04 8.173874094536701159e+04
-4.050000000000000000e+04 8.162003939018101664e+04
-4.150000000000000000e+04 8.150369609657947149e+04
-4.250000000000000000e+04 8.109208541710158170e+04
-4.350000000000000000e+04 8.074814800581232703e+04
-4.450000000000000000e+04 8.059674848139184178e+04
-4.550000000000000000e+04 8.050211578926740913e+04
-4.550465199026377377e+04 8.050000000000000000e+04
-4.650000000000000000e+04 8.006218714143054967e+04
-4.750000000000000000e+04 7.962838985881210829e+04
-4.850000000000000000e+04 7.950847890189244936e+04
-4.851107756045180577e+04 7.950000000000000000e+04
-4.950000000000000000e+04 7.906754343272354163e+04
-5.050000000000000000e+04 7.863244174781924812e+04
-5.150000000000000000e+04 7.850533335438168433e+04
-5.151113941420199990e+04 7.850000000000000000e+04
-5.250000000000000000e+04 7.804904900196508970e+04
-5.350000000000000000e+04 7.755964483106977423e+04
-5.450000000000000000e+04 7.750062449356087018e+04
-5.450120647745364840e+04 7.750000000000000000e+04
-5.550000000000000000e+04 7.665985978810611414e+04
-5.650000000000000000e+04 7.651433762880774157e+04
-5.651696908641936898e+04 7.650000000000000000e+04
-5.750000000000000000e+04 7.572212855996418511e+04
-5.850000000000000000e+04 7.552770569667741074e+04
-5.853464126724834932e+04 7.550000000000000000e+04
-5.950000000000000000e+04 7.506094099724908301e+04
-6.050000000000000000e+04 7.453812778985738987e+04
-6.054809633366158232e+04 7.450000000000000000e+04
-6.150000000000000000e+04 7.406678119191432779e+04
-6.250000000000000000e+04 7.354234285321983043e+04
-6.255105173699663283e+04 7.350000000000000000e+04
-6.350000000000000000e+04 7.305587061417871155e+04
-6.450000000000000000e+04 7.253626224652906239e+04
-6.453972040013680089e+04 7.250000000000000000e+04
-6.550000000000000000e+04 7.166328385644932860e+04
-6.650000000000000000e+04 7.151278143088467186e+04
-6.651350782769960642e+04 7.150000000000000000e+04
-6.750000000000000000e+04 7.057277788873745885e+04
-6.758486474466115760e+04 7.050000000000000000e+04
-6.850000000000000000e+04 6.972425645272847032e+04
-6.950000000000000000e+04 6.952427242724449025e+04
-6.952560277733654948e+04 6.950000000000000000e+04
-7.050000000000000000e+04 6.858017544259766873e+04
-7.058783175178749661e+04 6.850000000000000000e+04
-7.150000000000000000e+04 6.768045016516199394e+04
-7.250000000000000000e+04 6.751105387001603958e+04
-7.251148393939124071e+04 6.750000000000000000e+04
-7.350000000000000000e+04 6.659953739417590259e+04
-7.360874943313290714e+04 6.650000000000000000e+04
-7.450000000000000000e+04 6.559414535004059144e+04
-7.459675105311225343e+04 6.550000000000000000e+04
-7.550000000000000000e+04 6.465745272204102366e+04
-7.566411129162147699e+04 6.450000000000000000e+04
-7.650000000000000000e+04 6.405509549702475488e+04
-7.750000000000000000e+04 6.351348045018463017e+04
-7.751372611232547206e+04 6.350000000000000000e+04
-7.850000000000000000e+04 6.253547293275368429e+04
-7.853651973991449631e+04 6.250000000000000000e+04
-7.950000000000000000e+04 6.157638477276211779e+04
-7.958865691493828490e+04 6.150000000000000000e+04
-8.050000000000000000e+04 6.108372179167692957e+04
-8.150000000000000000e+04 6.062384923727941350e+04
-8.161286999755888246e+04 6.050000000000000000e+04
-8.203751326500934374e+04 5.950000000000000000e+04
-8.250000000000000000e+04 5.851199267656646407e+04
-8.250653228388169373e+04 5.850000000000000000e+04
-8.270368674282815482e+04 5.750000000000000000e+04
-8.350000000000000000e+04 5.707093055541987997e+04
-8.450000000000000000e+04 5.671641588732552191e+04
-8.477226019729663676e+04 5.650000000000000000e+04
-8.550000000000000000e+04 5.556704735702622565e+04
-8.555138384314047289e+04 5.550000000000000000e+04
-8.650000000000000000e+04 5.452167869004447857e+04
-8.652131622604488803e+04 5.450000000000000000e+04
-8.750000000000000000e+04 5.350437865469472308e+04
-8.750233485971874325e+04 5.350000000000000000e+04
-8.803582762552214263e+04 5.250000000000000000e+04
-8.850000000000000000e+04 5.159087493921398709e+04
-8.858521700073515240e+04 5.150000000000000000e+04
-8.950000000000000000e+04 5.054763562002695107e+04
-8.954553763915623131e+04 5.050000000000000000e+04
-9.050000000000000000e+04 4.951359782704812824e+04
-9.051327084717521211e+04 4.950000000000000000e+04
-9.102918875727498380e+04 4.850000000000000000e+04
-9.150000000000000000e+04 4.757225769180006318e+04
-9.156716174823662732e+04 4.750000000000000000e+04
-9.250000000000000000e+04 4.651559933306539460e+04
-9.251509577249972790e+04 4.650000000000000000e+04
-9.302503004569486075e+04 4.550000000000000000e+04
-9.350000000000000000e+04 4.454873651274799340e+04
-9.354519569743234024e+04 4.450000000000000000e+04
-9.450000000000000000e+04 4.350299268691159523e+04
-9.450152080783898418e+04 4.350000000000000000e+04
-9.460352997352748935e+04 4.250000000000000000e+04
-9.550000000000000000e+04 4.151077398292531871e+04
-9.550562371713615721e+04 4.150000000000000000e+04
-9.600951886525735608e+04 4.050000000000000000e+04
-9.650000000000000000e+04 3.951406421252186556e+04
-9.650735784809810866e+04 3.950000000000000000e+04
-9.700883679986120842e+04 3.850000000000000000e+04
-9.750000000000000000e+04 3.751174686366895185e+04
-9.750608873714538640e+04 3.750000000000000000e+04
-9.800568265705769591e+04 3.650000000000000000e+04
-9.850000000000000000e+04 3.550545612177141447e+04
-9.850276477204498951e+04 3.550000000000000000e+04
-9.862597360893235600e+04 3.450000000000000000e+04
-9.950000000000000000e+04 3.350027544804939680e+04
-9.950013719139446039e+04 3.350000000000000000e+04
-9.954011865807276627e+04 3.250000000000000000e+04
-1.000290230304449215e+05 3.150000000000000000e+04
-1.005000000000000000e+05 3.050854385830535830e+04
-1.005041335027402674e+05 3.050000000000000000e+04
-1.006524356771036109e+05 2.950000000000000000e+04
-1.010533105188463815e+05 2.850000000000000000e+04
-1.015000000000000000e+05 2.751136403937350042e+04
-1.015051397565706575e+05 2.750000000000000000e+04
-1.020021731030612718e+05 2.650000000000000000e+04
-1.020609384031254303e+05 2.550000000000000000e+04
-1.025000000000000000e+05 2.450833197851320074e+04
-1.025036198022274475e+05 2.450000000000000000e+04
-1.026571705405943503e+05 2.350000000000000000e+04
-1.030364238539215585e+05 2.250000000000000000e+04
-1.035000000000000000e+05 2.150128439010230068e+04
-1.035005757795894169e+05 2.150000000000000000e+04
-1.035443695320662227e+05 2.050000000000000000e+04
-1.040010887611777289e+05 1.950000000000000000e+04
-1.040465209492229915e+05 1.850000000000000000e+04
-1.045000000000000000e+05 1.750060377073255950e+04
-1.045002615919658419e+05 1.750000000000000000e+04
-1.045318273195928632e+05 1.650000000000000000e+04
-1.046624799345476931e+05 1.550000000000000000e+04
-1.050174716261415742e+05 1.450000000000000000e+04
-1.050504870705498033e+05 1.350000000000000000e+04
-1.051074981159844901e+05 1.250000000000000000e+04
-1.055000000000000000e+05 1.150065989223236465e+04
-1.055002558308268199e+05 1.150000000000000000e+04
-1.055348234766592941e+05 1.050000000000000000e+04
-1.055742479984434904e+05 9.500000000000000000e+03
-1.056786068945810839e+05 8.500000000000000000e+03
-1.057248408469866554e+05 7.500000000000000000e+03
-1.057637347656622296e+05 6.500000000000000000e+03
-1.060361583887954766e+05 5.500000000000000000e+03
-1.060530001381129696e+05 4.500000000000000000e+03
-1.060730001316962880e+05 3.500000000000000000e+03
-1.060894200060020376e+05 2.500000000000000000e+03
-1.061006111764231318e+05 1.500000000000000000e+03
-1.061075892522919457e+05 5.000000000000000000e+02
