-1.115161560773510428e+05
-9.651615607735104277e+04
-8.151615607735104277e+04
-6.651615607735104277e+04
-5.151615607735104277e+04
-3.651615607735104277e+04
-2.151615607735104277e+04
-6.516156077351042768e+03
8.483843922648957232e+03
2.348384392264895723e+04
3.848384392264895723e+04
5.348384392264895723e+04
6.848384392264895723e+04
8.348384392264895723e+04
9.848384392264895723e+04
1.134838439226489572e+05
1.284838439226489572e+05
1.434838439226489572e+05
1.584838439226489572e+05
1.734838439226489572e+05
1.884838439226489572e+05
2.034838439226489572e+05
2.184838439226489572e+05
2.334838439226489572e+05
2.484838439226489572e+05
2.634838439226489281e+05
2.784838439226489281e+05
2.934838439226489281e+05
3.084838439226489281e+05
3.234838439226489281e+05
3.384838439226489281e+05
3.534838439226489281e+05
3.684838439226489281e+05
3.834838439226489281e+05
3.984838439226489281e+05
4.134838439226489281e+05
4.284838439226489281e+05
4.434838439226489281e+05
4.584838439226489281e+05
4.734838439226489281e+05
4.884838439226489281e+05
5.034838439226489281e+05
5.184838439226489281e+05
5.334838439226489281e+05
5.484838439226489281e+05
5.634838439226489281e+05
5.784838439226489281e+05
5.934838439226489281e+05
6.084838439226489281e+05
6.234838439226489281e+05
6.384838439226489281e+05
6.534838439226489281e+05
6.684838439226489281e+05
6.834838439226489281e+05
6.984838439226489281e+05
7.134838439226489281e+05
7.284838439226489281e+05
7.434838439226489281e+05
7.584838439226489281e+05
7.734838439226489281e+05
7.884838439226489281e+05
8.034838439226489281e+05
8.184838439226489281e+05
8.334838439226489281e+05
8.484838439226489281e+05
8.634838439226489281e+05
8.784838439226489281e+05
8.934838439226489281e+05
9.084838439226489281e+05
9.234838439226489281e+05
9.384838439226489281e+05
9.534838439226489281e+05
9.684838439226489281e+05
9.834838439226489281e+05
9.984838439226489281e+05
1.013483843922648928e+06
1.028483843922648928e+06
1.043483843922648928e+06
1.058483843922649045e+06
1.073483843922649045e+06
1.088483843922649045e+06
1.103483843922649045e+06
1.118483843922649045e+06
1.133483843922649045e+06
1.148483843922649045e+06
1.163483843922649045e+06
1.178483843922649045e+06
1.193483843922649045e+06
1.208483843922649045e+06
1.223483843922649045e+06
1.238483843922649045e+06
1.253483843922649045e+06
1.268483843922649045e+06
1.283483843922649045e+06
1.298483843922649045e+06
1.313483843922649045e+06
1.328483843922649045e+06
1.343483843922649045e+06
1.358483843922649045e+06
1.373483843922649045e+06
1.388483843922649045e+06
1.403483843922649045e+06
1.418483843922649045e+06
1.433483843922649045e+06
1.448483843922649045e+06
1.463483843922649045e+06
1.478483843922649045e+06
1.493483843922649045e+06
1.508483843922649045e+06
1.523483843922649045e+06
1.538483843922649045e+06
1.553483843922649045e+06
1.568483843922649045e+06
1.583483843922649045e+06
1.598483843922649045e+06
1.613483843922649045e+06
1.628483843922649045e+06
1.643483843922649045e+06
1.658483843922649045e+06
1.673483843922649045e+06
1.688483843922649045e+06
1.703483843922649045e+06
1.718483843922649045e+06
1.733483843922649045e+06
1.748483843922649045e+06
1.763483843922649045e+06
1.778483843922649045e+06
1.793483843922649045e+06
1.808483843922649045e+06
1.823483843922649045e+06
1.838483843922649045e+06
1.853483843922649045e+06
1.868483843922649045e+06
1.883483843922649045e+06
1.898483843922649045e+06
1.913483843922649045e+06
1.928483843922649045e+06
1.943483843922649045e+06
1.958483843922649045e+06
1.973483843922649045e+06
1.988483843922649045e+06
2.003483843922649045e+06
2.018483843922649045e+06
2.033483843922649045e+06
2.048483843922649045e+06
2.063483843922649045e+06
2.078483843922649045e+06
2.093483843922649045e+06
2.108483843922649045e+06
2.123483843922649045e+06
2.138483843922649045e+06
2.153483843922649045e+06
2.168483843922649045e+06
2.183483843922649045e+06
2.198483843922649045e+06
2.213483843922649045e+06
2.228483843922649045e+06
2.243483843922649045e+06
2.258483843922649045e+06
2.273483843922649045e+06
2.288483843922649045e+06
2.303483843922649045e+06
2.318483843922649045e+06
2.333483843922649045e+06
2.348483843922649045e+06
2.363483843922649045e+06
2.378483843922649045e+06
2.393483843922649045e+06
2.408483843922649045e+06
2.423483843922649045e+06
2.438483843922649045e+06
2.453483843922649045e+06
2.468483843922649045e+06
2.483483843922649045e+06
2.498483843922649045e+06
2.513483843922649045e+06
2.528483843922649045e+06
