7.117069663737746623e+02
3.071170696637376386e+04
6.071170696637374931e+04
9.071170696637374931e+04
1.207117069663737348e+05
1.507117069663737202e+05
1.807117069663737202e+05
2.107117069663736911e+05
2.407117069663736911e+05
2.707117069663736620e+05
3.007117069663736620e+05
3.307117069663736620e+05
3.607117069663736620e+05
3.907117069663736620e+05
4.207117069663736038e+05
4.507117069663736038e+05
4.807117069663736038e+05
5.107117069663736038e+05
5.407117069663734874e+05
5.707117069663734874e+05
6.007117069663734874e+05
6.307117069663734874e+05
6.607117069663734874e+05
6.907117069663734874e+05
7.207117069663734874e+05
7.507117069663734874e+05
7.807117069663734874e+05
8.107117069663733710e+05
8.407117069663733710e+05
8.707117069663733710e+05
9.007117069663733710e+05
9.307117069663733710e+05
9.607117069663733710e+05
9.907117069663733710e+05
1.020711706966373371e+06
1.050711706966373371e+06
1.080711706966373371e+06
1.110711706966373371e+06
1.140711706966373371e+06
1.170711706966373371e+06
1.200711706966373371e+06
1.230711706966373371e+06
1.260711706966373371e+06
1.290711706966373371e+06
1.320711706966373371e+06
1.350711706966373371e+06
1.380711706966373371e+06
1.410711706966373371e+06
1.440711706966373371e+06
1.470711706966373371e+06
1.500711706966373371e+06
1.530711706966373371e+06
1.560711706966373371e+06
1.590711706966373371e+06
1.620711706966373138e+06
1.650711706966373138e+06
1.680711706966373138e+06
1.710711706966373138e+06
1.740711706966373138e+06
1.770711706966373138e+06
1.800711706966373138e+06
1.830711706966373138e+06
1.860711706966373138e+06
1.890711706966373138e+06
1.920711706966373138e+06
1.950711706966373138e+06
1.980711706966373138e+06
2.010711706966373138e+06
2.040711706966373138e+06
2.070711706966373138e+06
2.100711706966372672e+06
2.130711706966372672e+06
2.160711706966372672e+06
2.190711706966372672e+06
2.220711706966372672e+06
2.250711706966372672e+06
2.280711706966372672e+06
2.310711706966372672e+06
2.340711706966372672e+06
2.370711706966372672e+06
2.400711706966372672e+06
2.430711706966372672e+06
2.460711706966372672e+06
2.490711706966372672e+06
2.520711706966372672e+06
2.550711706966372672e+06
2.580711706966372672e+06
2.610711706966372672e+06
2.640711706966372672e+06
2.670711706966372672e+06
2.700711706966372672e+06
2.730711706966372672e+06
2.760711706966372672e+06
2.790711706966372672e+06
2.820711706966372672e+06
2.850711706966372672e+06
2.880711706966372672e+06
2.910711706966372672e+06
2.940711706966372672e+06
2.970711706966372672e+06
3.000711706966372672e+06
3.030711706966372672e+06
3.060711706966372672e+06
3.090711706966372672e+06
3.120711706966372672e+06
3.150711706966372672e+06
3.180711706966372672e+06
3.210711706966372207e+06
3.240711706966372207e+06
3.270711706966372207e+06
