-3.385321087014756165e+06
-3.355321087014756165e+06
-3.325321087014756165e+06
-3.295321087014756165e+06
-3.265321087014756165e+06
-3.235321087014756165e+06
-3.205321087014756165e+06
-3.175321087014756165e+06
-3.145321087014756165e+06
-3.115321087014756165e+06
-3.085321087014756165e+06
-3.055321087014756165e+06
-3.025321087014756165e+06
-2.995321087014756165e+06
-2.965321087014756165e+06
-2.935321087014756165e+06
-2.905321087014756165e+06
-2.875321087014756165e+06
-2.845321087014756165e+06
-2.815321087014756165e+06
-2.785321087014756165e+06
-2.755321087014756165e+06
-2.725321087014756165e+06
-2.695321087014756165e+06
-2.665321087014756165e+06
-2.635321087014756165e+06
-2.605321087014756165e+06
-2.575321087014756165e+06
-2.545321087014756165e+06
-2.515321087014756165e+06
-2.485321087014756165e+06
-2.455321087014756165e+06
-2.425321087014756165e+06
-2.395321087014756165e+06
-2.365321087014756165e+06
-2.335321087014756165e+06
-2.305321087014756165e+06
-2.275321087014756165e+06
-2.245321087014756165e+06
-2.215321087014756165e+06
-2.185321087014756165e+06
-2.155321087014756165e+06
-2.125321087014756165e+06
-2.095321087014756165e+06
-2.065321087014756165e+06
-2.035321087014756165e+06
-2.005321087014756165e+06
-1.975321087014756165e+06
-1.945321087014756165e+06
-1.915321087014756165e+06
-1.885321087014756165e+06
-1.855321087014756165e+06
-1.825321087014756165e+06
-1.795321087014756165e+06
-1.765321087014756165e+06
-1.735321087014756165e+06
-1.705321087014756165e+06
-1.675321087014756165e+06
-1.645321087014756165e+06
-1.615321087014756165e+06
-1.585321087014756165e+06
-1.555321087014756165e+06
-1.525321087014756165e+06
-1.495321087014756165e+06
-1.465321087014756165e+06
-1.435321087014756165e+06
-1.405321087014756165e+06
-1.375321087014756165e+06
-1.345321087014756165e+06
-1.315321087014756165e+06
-1.285321087014756165e+06
-1.255321087014756165e+06
-1.225321087014756165e+06
-1.195321087014756165e+06
-1.165321087014756165e+06
-1.135321087014756165e+06
-1.105321087014756165e+06
-1.075321087014756165e+06
-1.045321087014756165e+06
-1.015321087014756165e+06
-9.853210870147561654e+05
-9.553210870147561654e+05
-9.253210870147561654e+05
-8.953210870147561654e+05
-8.653210870147561654e+05
-8.353210870147561654e+05
-8.053210870147561654e+05
-7.753210870147561654e+05
-7.453210870147561654e+05
-7.153210870147561654e+05
-6.853210870147561654e+05
-6.553210870147561654e+05
-6.253210870147561654e+05
-5.953210870147561654e+05
-5.653210870147561654e+05
-5.353210870147561654e+05
-5.053210870147561654e+05
-4.753210870147561654e+05
-4.453210870147561654e+05
-4.153210870147561654e+05
-3.853210870147561654e+05
-3.553210870147561654e+05
-3.253210870147561654e+05
-2.953210870147561654e+05
-2.653210870147561654e+05
-2.353210870147561654e+05
-2.053210870147561654e+05
-1.753210870147561654e+05
-1.453210870147561654e+05
-1.153210870147561654e+05
-8.532108701475616544e+04
-5.532108701475616544e+04
-2.532108701475616544e+04
4.678912985243834555e+03
3.467891298524383456e+04
6.467891298524383456e+04
9.467891298524383456e+04
1.246789129852438346e+05
1.546789129852438346e+05
1.846789129852438346e+05
