1.950202942782103855e+04 5.000000000000000000e+02
1.953960716644113563e+04 1.500000000000000000e+03
1.958034359398439119e+04 2.500000000000000000e+03
1.953735791922719363e+04 3.500000000000000000e+03
1.959351120316281595e+04 4.500000000000000000e+03
1.962479140406979059e+04 5.500000000000000000e+03
1.966643485575670638e+04 6.500000000000000000e+03
1.964521510284489705e+04 7.500000000000000000e+03
1.957252124451603231e+04 8.500000000000000000e+03
1.953315994488132856e+04 9.500000000000000000e+03
1.957957816121010910e+04 1.050000000000000000e+04
1.957854526249956689e+04 1.150000000000000000e+04
1.950000000000000000e+04 1.163978532602431551e+04
1.876122130950787687e+04 1.250000000000000000e+04
1.859339582251094544e+04 1.350000000000000000e+04
1.850000000000000000e+04 1.373787566515463004e+04
1.810265654320665999e+04 1.450000000000000000e+04
1.776696190584939905e+04 1.550000000000000000e+04
1.765081511527316616e+04 1.650000000000000000e+04
1.763558947176710353e+04 1.750000000000000000e+04
1.761150535791556831e+04 1.850000000000000000e+04
1.758338685007103049e+04 1.950000000000000000e+04
1.753423910644350690e+04 2.050000000000000000e+04
1.750000000000000000e+04 2.054453745152535703e+04
1.679307012899999972e+04 2.150000000000000000e+04
1.657544665539375274e+04 2.250000000000000000e+04
1.650000151927344268e+04 2.350000000000000000e+04
1.650000000000000000e+04 2.350000175574238528e+04
1.562800932117944831e+04 2.450000000000000000e+04
1.552344415648279391e+04 2.550000000000000000e+04
1.550000000000000000e+04 2.552590434158232165e+04
1.475262728427876755e+04 2.650000000000000000e+04
1.453146739656462159e+04 2.750000000000000000e+04
1.450000000000000000e+04 2.753473354470362756e+04
1.402724093797539717e+04 2.850000000000000000e+04
1.352809197193231921e+04 2.950000000000000000e+04
1.350000000000000000e+04 2.953052380614209324e+04
1.265306269767943922e+04 3.050000000000000000e+04
1.250447821228163411e+04 3.150000000000000000e+04
1.250000000000000000e+04 3.150532152909724755e+04
1.171513138161555617e+04 3.250000000000000000e+04
1.151897642576441285e+04 3.350000000000000000e+04
1.150000000000000000e+04 3.352068790542583884e+04
1.102350309532874962e+04 3.450000000000000000e+04
1.050765614465067483e+04 3.550000000000000000e+04
1.050000000000000000e+04 3.550771540658909362e+04
1.000438645705591989e+04 3.650000000000000000e+04
9.649569659947897890e+03 3.750000000000000000e+04
9.500000000000000000e+03 3.765968142898047518e+04
8.500000000000000000e+03 3.815836893876883551e+04
8.107816590427384654e+03 3.850000000000000000e+04
7.500000000000000000e+03 3.900801700405593874e+04
6.500000000000000000e+03 3.934987366709262278e+04
6.266827226218279975e+03 3.950000000000000000e+04
6.074896052355670690e+03 4.050000000000000000e+04
5.566606519588969604e+03 4.150000000000000000e+04
5.522375335094204274e+03 4.250000000000000000e+04
5.500000000000000000e+03 4.252350023435672483e+04
4.500076504586068040e+03 4.350000000000000000e+04
4.500000000000000000e+03 4.350006453435688309e+04
3.500000000000000000e+03 4.353166061271965737e+04
2.598568120142569569e+03 4.450000000000000000e+04
2.536819175709476895e+03 4.550000000000000000e+04
2.500000000000000000e+03 4.555345458519181557e+04
1.759529586580003752e+03 4.650000000000000000e+04
1.500000000000000000e+03 4.676119500544427137e+04
7.851178757814643632e+02 4.750000000000000000e+04
5.000000000000000000e+02 4.774474222764465230e+04
-1.980612474741794813e+02 4.850000000000000000e+04
-5.000000000000000000e+02 4.878988564797083382e+04
-1.174954215829882287e+03 4.950000000000000000e+04
-1.500000000000000000e+03 4.983375385390059819e+04
-2.200442595052604702e+03 5.050000000000000000e+04
-2.479799076243769832e+03 5.150000000000000000e+04
-2.500000000000000000e+03 5.151850873373445211e+04
-3.500000000000000000e+03 5.172532275612679223e+04
-4.467042412303805577e+03 5.250000000000000000e+04
-4.500000000000000000e+03 5.253098538278893102e+04
-5.491258893991313926e+03 5.350000000000000000e+04
-5.500000000000000000e+03 5.350853932616301609e+04
-6.499235556424956485e+03 5.450000000000000000e+04
-6.500000000000000000e+03 5.450043789850959001e+04
-7.500000000000000000e+03 5.456876833847909438e+04
-8.474411103022361203e+03 5.550000000000000000e+04
-8.500000000000000000e+03 5.552463885939539614e+04
-9.496637584914495164e+03 5.650000000000000000e+04
-9.500000000000000000e+03 5.650341016120839777e+04
-1.050000000000000000e+04 5.707021834648980439e+04
-1.146675950067941085e+04 5.750000000000000000e+04
-1.150000000000000000e+04 5.753123072495347151e+04
-1.248588063695737583e+04 5.850000000000000000e+04
-1.250000000000000000e+04 5.851166680165368598e+04
-1.350000000000000000e+04 5.905735495773224829e+04
-1.448739810092883636e+04 5.950000000000000000e+04
-1.450000000000000000e+04 5.951012670948201412e+04
-1.550000000000000000e+04 6.009627885784958926e+04
-1.639386995648521042e+04 6.050000000000000000e+04
-1.650000000000000000e+04 6.057503875756897469e+04
-1.749996260569077640e+04 6.150000000000000000e+04
-1.750000000000000000e+04 6.150002077302087855e+04
-1.850000000000000000e+04 6.161333347258081631e+04
-1.949999586407132665e+04 6.250000000000000000e+04
-1.950000000000000000e+04 6.250000223124918557e+04
-2.050000000000000000e+04 6.258576577198667655e+04
-2.150000000000000000e+04 6.306248742034336465e+04
-2.247365265896172423e+04 6.350000000000000000e+04
-2.250000000000000000e+04 6.352066326915698301e+04
-2.350000000000000000e+04 6.404451579794551799e+04
-2.449969437829130038e+04 6.450000000000000000e+04
-2.450000000000000000e+04 6.450025590153915255e+04
-2.550000000000000000e+04 6.469703822119389224e+04
-2.649956575870800225e+04 6.550000000000000000e+04
-2.650000000000000000e+04 6.550021839455852023e+04
-2.750000000000000000e+04 6.563413596658906317e+04
-2.850000000000000000e+04 6.608150676729412226e+04
-2.949908996217856838e+04 6.650000000000000000e+04
-2.950000000000000000e+04 6.650065524119375914e+04
-3.050000000000000000e+04 6.668442978882095485e+04
-3.150000000000000000e+04 6.687194797670411936e+04
-3.250000000000000000e+04 6.719658154512384499e+04
-3.350000000000000000e+04 6.762306453426055668e+04
-3.450000000000000000e+04 6.776154358327761292e+04
-3.550000000000000000e+04 6.790389901293363073e+04
-3.650000000000000000e+04 6.818390932818638976e+04
-3.750000000000000000e+04 6.858315069901653624e+04
-3.850000000000000000e+04 6.869113477137226437e+04
-3.950000000000000000e+04 6.878728884536714759e+04
-4.050000000000000000e+04 6.890382186017243657e+04
-4.150000000000000000e+04 6.914738982742253575e+04
-4.250000000000000000e+04 6.950537175684257818e+04
-4.350000000000000000e+04 6.959391050954138336e+04
-4.450000000000000000e+04 6.962706807948178903e+04
-4.550000000000000000e+04 6.968840919637863408e+04
-4.650000000000000000e+04 6.973639478192881506e+04
-4.750000000000000000e+04 6.975918926370824920e+04
-4.850000000000000000e+04 6.978882313441571023e+04
-4.950000000000000000e+04 6.981958213592716493e+04
-5.050000000000000000e+04 6.984881424338223587e+04
-5.150000000000000000e+04 6.987589255087103811e+04
-5.250000000000000000e+04 6.989477395057045214e+04
-5.350000000000000000e+04 6.990154528245869733e+04
-5.450000000000000000e+04 6.991438026392523898e+04
-5.550000000000000000e+04 6.991072836215740244e+04
-5.650000000000000000e+04 6.988424686518999806e+04
-5.750000000000000000e+04 6.986404698310025560e+04
-5.850000000000000000e+04 6.984584773021315050e+04
-5.950000000000000000e+04 6.982139848832154530e+04
-6.050000000000000000e+04 6.978973855463856307e+04
-6.150000000000000000e+04 6.974693634287637542e+04
-6.250000000000000000e+04 6.969525345467975421e+04
-6.350000000000000000e+04 6.964114207269489998e+04
-6.450000000000000000e+04 6.958672013759650872e+04
-6.550000000000000000e+04 6.952250637426448520e+04
-6.650000000000000000e+04 6.950007546810782515e+04
-6.750000000000000000e+04 6.887366883108856564e+04
-6.850000000000000000e+04 6.876158739755976421e+04
-6.950000000000000000e+04 6.864977416074658686e+04
-7.050000000000000000e+04 6.854317658341933566e+04
-7.150000000000000000e+04 6.850053266580218042e+04
-7.250000000000000000e+04 6.783621246669041284e+04
-7.350000000000000000e+04 6.768604910810137517e+04
-7.450000000000000000e+04 6.753415693338595156e+04
-7.550000000000000000e+04 6.750027429205071530e+04
-7.650000000000000000e+04 6.674417327703232877e+04
-7.750000000000000000e+04 6.655425875386946427e+04
-7.850000000000000000e+04 6.650068802752585907e+04
-7.850135055464124889e+04 6.650000000000000000e+04
-7.950000000000000000e+04 6.568608490830387746e+04
-8.050000000000000000e+04 6.551748675906625431e+04
-8.052215656394499820e+04 6.550000000000000000e+04
-8.150000000000000000e+04 6.474354517124292761e+04
-8.250000000000000000e+04 6.452872539971033984e+04
-8.253857421672469354e+04 6.450000000000000000e+04
-8.350000000000000000e+04 6.376488159059643658e+04
-8.450000000000000000e+04 6.361386216830657941e+04
-8.463870650752684742e+04 6.350000000000000000e+04
-8.550000000000000000e+04 6.276302295975950256e+04
-8.650000000000000000e+04 6.252565421133463678e+04
-8.652960767171086627e+04 6.250000000000000000e+04
-8.750000000000000000e+04 6.164564257759373868e+04
-8.850000000000000000e+04 6.150395379751584551e+04
-8.850417497678597283e+04 6.150000000000000000e+04
-8.950000000000000000e+04 6.059997419481407269e+04
-9.050000000000000000e+04 6.050043958467991615e+04
-9.050078206117713125e+04 6.050000000000000000e+04
-9.150000000000000000e+04 5.963520690120915242e+04
-9.166338897230925795e+04 5.950000000000000000e+04
-9.250000000000000000e+04 5.875797466456280381e+04
-9.350000000000000000e+04 5.857613473254998098e+04
-9.358259637946869771e+04 5.850000000000000000e+04
-9.450000000000000000e+04 5.761908095161722304e+04
-9.550000000000000000e+04 5.750105221251994226e+04
-9.550192095735880139e+04 5.750000000000000000e+04
-9.650000000000000000e+04 5.655769171651408396e+04
-9.656236508393794065e+04 5.650000000000000000e+04
-9.750000000000000000e+04 5.569557569485909335e+04
-9.850000000000000000e+04 5.551335634009057685e+04
-9.852633669991922216e+04 5.550000000000000000e+04
-9.950000000000000000e+04 5.468681924838358827e+04
-9.970419697146525141e+04 5.450000000000000000e+04
-9.977162837590181152e+04 5.350000000000000000e+04
-1.005000000000000000e+05 5.270623193560529035e+04
-1.007053212902431114e+05 5.250000000000000000e+04
-1.006429322178653238e+05 5.150000000000000000e+04
-1.015000000000000000e+05 5.068906340619399271e+04
-1.016504376949123398e+05 5.050000000000000000e+04
-1.025000000000000000e+05 5.026779288954783260e+04
-1.035000000000000000e+05 4.961249126666747907e+04
-1.045000000000000000e+05 4.967555086901778850e+04
-1.047265421623543807e+05 4.950000000000000000e+04
-1.055000000000000000e+05 4.877410637455475080e+04
-1.057926913967613073e+05 4.850000000000000000e+04
-1.065000000000000000e+05 4.774737090186283604e+04
-1.066999601686875103e+05 4.750000000000000000e+04
-1.075000000000000000e+05 4.658318958078391734e+04
-1.075754791221775085e+05 4.650000000000000000e+04
-1.085000000000000000e+05 4.565868496387101914e+04
-1.095000000000000000e+05 4.566372344209027506e+04
-1.097740517215003638e+05 4.550000000000000000e+04
-1.105000000000000000e+05 4.472694619533246441e+04
-1.106673502259138040e+05 4.450000000000000000e+04
-1.105350982874896581e+05 4.350000000000000000e+04
-1.115000000000000000e+05 4.267665301145606645e+04
-1.125000000000000000e+05 4.263465659042608604e+04
-1.126162869383716898e+05 4.250000000000000000e+04
-1.135000000000000000e+05 4.163051409840859560e+04
-1.136149973952976143e+05 4.150000000000000000e+04
-1.145000000000000000e+05 4.059550648873391765e+04
-1.145334521408774017e+05 4.050000000000000000e+04
-1.148021488867540465e+05 3.950000000000000000e+04
-1.155000000000000000e+05 3.873620507537448430e+04
-1.156277740731797239e+05 3.850000000000000000e+04
-1.165000000000000000e+05 3.754646833847016387e+04
-1.165314505302468751e+05 3.750000000000000000e+04
-1.170088043286263273e+05 3.650000000000000000e+04
-1.175000000000000000e+05 3.554730938654312195e+04
-1.175164632158510503e+05 3.550000000000000000e+04
-1.185000000000000000e+05 3.450012199138938740e+04
-1.185001241148000845e+05 3.450000000000000000e+04
-1.185426410245792504e+05 3.350000000000000000e+04
-1.190496952316415118e+05 3.250000000000000000e+04
-1.195000000000000000e+05 3.200602827036512099e+04
-1.197614081335181982e+05 3.150000000000000000e+04
-1.200542968259039189e+05 3.050000000000000000e+04
-1.205000000000000000e+05 2.954368995194433228e+04
-1.205160646264277311e+05 2.950000000000000000e+04
-1.208745642942760314e+05 2.850000000000000000e+04
-1.215000000000000000e+05 2.750519222527832608e+04
-1.215037569447674468e+05 2.750000000000000000e+04
-1.218518831968040031e+05 2.650000000000000000e+04
-1.220477401056247327e+05 2.550000000000000000e+04
-1.225000000000000000e+05 2.452185784769491875e+04
-1.225115680337276135e+05 2.450000000000000000e+04
-1.228563817377615778e+05 2.350000000000000000e+04
-1.235000000000000000e+05 2.250218347033753889e+04
-1.235021184722053003e+05 2.250000000000000000e+04
-1.236427692305169476e+05 2.150000000000000000e+04
-1.245000000000000000e+05 2.050031594781715830e+04
-1.245001676541837369e+05 2.050000000000000000e+04
-1.245444146450114640e+05 1.950000000000000000e+04
-1.247136202377312584e+05 1.850000000000000000e+04
-1.250841539078760252e+05 1.750000000000000000e+04
-1.255000000000000000e+05 1.650155423467847504e+04
-1.255006834584418248e+05 1.650000000000000000e+04
-1.255785902259805007e+05 1.550000000000000000e+04
-1.256868814209647535e+05 1.450000000000000000e+04
-1.258102625845272851e+05 1.350000000000000000e+04
-1.261055846574081952e+05 1.250000000000000000e+04
-1.265000000000000000e+05 1.150045642557515566e+04
-1.265001820714744390e+05 1.150000000000000000e+04
-1.265484834408426541e+05 1.050000000000000000e+04
-1.266356198666734854e+05 9.500000000000000000e+03
-1.266991710789585486e+05 8.500000000000000000e+03
-1.267440520588675427e+05 7.500000000000000000e+03
-1.268300271617307881e+05 6.500000000000000000e+03
-1.270972152734939446e+05 5.500000000000000000e+03
-1.271381980988253927e+05 4.500000000000000000e+03
-1.271784677998598781e+05 3.500000000000000000e+03
-1.275000000000000000e+05 2.586328075053090743e+03
-1.275291346511611773e+05 2.500000000000000000e+03
-1.275413351831840992e+05 1.500000000000000000e+03
-1.275429518798131612e+05 5.000000000000000000e+02
