-5.588300392140252516e+05
-5.528300392140252516e+05
-5.468300392140252516e+05
-5.408300392140252516e+05
-5.348300392140252516e+05
-5.288300392140252516e+05
-5.228300392140252516e+05
-5.168300392140252516e+05
-5.108300392140252516e+05
-5.048300392140252516e+05
-4.988300392140252516e+05
-4.928300392140252516e+05
-4.868300392140252516e+05
-4.808300392140252516e+05
-4.748300392140252516e+05
-4.688300392140252516e+05
-4.628300392140252516e+05
-4.568300392140252516e+05
-4.508300392140252516e+05
-4.448300392140252516e+05
-4.388300392140252516e+05
-4.328300392140252516e+05
-4.268300392140252516e+05
-4.208300392140252516e+05
-4.148300392140252516e+05
-4.088300392140252516e+05
-4.028300392140252516e+05
-3.968300392140252516e+05
-3.908300392140252516e+05
-3.848300392140252516e+05
-3.788300392140252516e+05
-3.728300392140252516e+05
-3.668300392140252516e+05
-3.608300392140252516e+05
-3.548300392140252516e+05
-3.488300392140252516e+05
-3.428300392140252516e+05
-3.368300392140252516e+05
-3.308300392140252516e+05
-3.248300392140252516e+05
-3.188300392140252516e+05
-3.128300392140252516e+05
-3.068300392140252516e+05
-3.008300392140252516e+05
-2.948300392140252516e+05
-2.888300392140252516e+05
-2.828300392140252516e+05
-2.768300392140252516e+05
-2.708300392140252516e+05
-2.648300392140252516e+05
-2.588300392140252516e+05
-2.528300392140252516e+05
-2.468300392140252516e+05
-2.408300392140252516e+05
-2.348300392140252516e+05
-2.288300392140252516e+05
-2.228300392140252516e+05
-2.168300392140252516e+05
-2.108300392140252516e+05
-2.048300392140252516e+05
-1.988300392140252516e+05
-1.928300392140252516e+05
-1.868300392140252516e+05
-1.808300392140252516e+05
-1.748300392140252516e+05
-1.688300392140252516e+05
-1.628300392140252516e+05
-1.568300392140252516e+05
-1.508300392140252516e+05
-1.448300392140252516e+05
-1.388300392140252516e+05
-1.328300392140252516e+05
-1.268300392140252516e+05
-1.208300392140252516e+05
-1.148300392140252516e+05
-1.088300392140252516e+05
-1.028300392140252516e+05
-9.683003921402525157e+04
-9.083003921402525157e+04
-8.483003921402525157e+04
-7.883003921402525157e+04
-7.283003921402525157e+04
-6.683003921402525157e+04
-6.083003921402525157e+04
-5.483003921402525157e+04
-4.883003921402525157e+04
-4.283003921402525157e+04
-3.683003921402525157e+04
-3.083003921402525157e+04
-2.483003921402525157e+04
-1.883003921402525157e+04
-1.283003921402525157e+04
-6.830039214025251567e+03
-8.300392140252515674e+02
5.169960785974748433e+03
1.116996078597474843e+04
1.716996078597474843e+04
2.316996078597474843e+04
2.916996078597474843e+04
3.516996078597474843e+04
4.116996078597474843e+04
4.716996078597474843e+04
5.316996078597474843e+04
5.916996078597474843e+04
6.516996078597474843e+04
7.116996078597474843e+04
7.716996078597474843e+04
8.316996078597474843e+04
8.916996078597474843e+04
9.516996078597474843e+04
1.011699607859747484e+05
1.071699607859747484e+05
1.131699607859747484e+05
1.191699607859747484e+05
1.251699607859747484e+05
1.311699607859747484e+05
1.371699607859747484e+05
1.431699607859747484e+05
1.491699607859747484e+05
1.551699607859747484e+05
1.611699607859747484e+05
1.671699607859747484e+05
1.731699607859747484e+05
1.791699607859747484e+05
1.851699607859747484e+05
1.911699607859747484e+05
1.971699607859747484e+05
2.031699607859747484e+05
2.091699607859747484e+05
2.151699607859747484e+05
2.211699607859747484e+05
2.271699607859747484e+05
2.331699607859747484e+05
2.391699607859747484e+05
2.451699607859747484e+05
2.511699607859747484e+05
2.571699607859747484e+05
2.631699607859747484e+05
2.691699607859747484e+05
2.751699607859747484e+05
2.811699607859747484e+05
2.871699607859747484e+05
2.931699607859747484e+05
2.991699607859747484e+05
3.051699607859747484e+05
3.111699607859747484e+05
3.171699607859747484e+05
3.231699607859747484e+05
3.291699607859747484e+05
