1.801418194022985517e+03 1.000000000000000000e+02
1.800328536007933963e+03 3.000000000000000000e+02
1.700000000000000000e+03 4.385201126007423227e+02
1.654995415925044199e+03 5.000000000000000000e+02
1.583842582132991083e+03 7.000000000000000000e+02
1.597125507042200979e+03 9.000000000000000000e+02
1.500000000000000000e+03 1.028475258110751611e+03
1.432653050152791820e+03 1.100000000000000000e+03
1.300000000000000000e+03 1.205436949335505687e+03
1.200004041244536438e+03 1.300000000000000000e+03
1.100000000000000000e+03 1.401862145436507035e+03
1.005821181292347433e+03 1.500000000000000000e+03
9.000000000000000000e+02 1.604152092647595055e+03
8.002153794040407320e+02 1.700000000000000000e+03
7.000800663696023776e+02 1.900000000000000000e+03
7.000000000000000000e+02 1.900079468353132597e+03
6.001811463196867180e+02 2.100000000000000000e+03
5.000000000000000000e+02 2.199717466562458867e+03
3.000000000000000000e+02 2.234132647523006654e+03
2.008309633868241519e+02 2.300000000000000000e+03
1.008364862741955790e+02 2.500000000000000000e+03
1.000000000000000000e+02 2.500511082047383752e+03
-2.880887544373273101e+01 2.700000000000000000e+03
-9.994623098497967817e+01 2.900000000000000000e+03
-1.000000000000000000e+02 2.900055503855427105e+03
-1.999242673976811489e+02 3.100000000000000000e+03
-2.999998260642165064e+02 3.300000000000000000e+03
-3.000000000000000000e+02 3.300000256543423347e+03
-4.987394108310322167e+02 3.500000000000000000e+03
-5.000000000000000000e+02 3.501341258345845290e+03
-6.994621401929648528e+02 3.700000000000000000e+03
-7.000000000000000000e+02 3.700462038936549106e+03
-8.983947791591032228e+02 3.900000000000000000e+03
-9.000000000000000000e+02 3.903480478548206975e+03
-1.090839867157161962e+03 4.100000000000000000e+03
-1.100000000000000000e+03 4.109167916441904708e+03
-1.199782663092983967e+03 4.300000000000000000e+03
-1.299993024151514192e+03 4.500000000000000000e+03
-1.300000000000000000e+03 4.500006958652604226e+03
-1.496469972734071007e+03 4.700000000000000000e+03
-1.500000000000000000e+03 4.703528641902208619e+03
-1.700000000000000000e+03 4.766820517814317100e+03
-1.898152895958080990e+03 4.900000000000000000e+03
-1.900000000000000000e+03 4.901239856701470671e+03
-2.100000000000000000e+03 5.000880726761160076e+03
-2.284042308635586778e+03 5.100000000000000000e+03
-2.300000000000000000e+03 5.115762835046374676e+03
-2.494132938781498069e+03 5.300000000000000000e+03
-2.500000000000000000e+03 5.304743506457864896e+03
-2.700000000000000000e+03 5.346349752806790093e+03
-2.896270595490908363e+03 5.500000000000000000e+03
-2.899989290809179693e+03 5.700000000000000000e+03
-2.900000000000000000e+03 5.700010710955154536e+03
-3.100000000000000000e+03 5.784871191772411294e+03
-3.295117394449663607e+03 5.900000000000000000e+03
-3.300000000000000000e+03 5.904832846577744021e+03
-3.499637910817195007e+03 6.100000000000000000e+03
-3.500000000000000000e+03 6.100222970203764817e+03
-3.699670361913461875e+03 6.300000000000000000e+03
-3.700000000000000000e+03 6.300185354471278515e+03
-3.900000000000000000e+03 6.345000435368944636e+03
-4.069172666730661604e+03 6.500000000000000000e+03
-4.100000000000000000e+03 6.516077113676871704e+03
-4.300000000000000000e+03 6.572342272609486827e+03
-4.500000000000000000e+03 6.602251729621968479e+03
-4.694263052893092208e+03 6.700000000000000000e+03
-4.700000000000000000e+03 6.702911892297671329e+03
-4.900000000000000000e+03 6.704084251921211035e+03
-5.100000000000000000e+03 6.744456672367880856e+03
-5.300000000000000000e+03 6.885319387838342664e+03
-5.364338183019740427e+03 6.900000000000000000e+03
-5.500000000000000000e+03 6.919767953956962629e+03
-5.699999367225775131e+03 7.100000000000000000e+03
-5.700000000000000000e+03 7.100000601166240813e+03
-5.900000000000000000e+03 7.249350228564924691e+03
-6.080458332013169638e+03 7.300000000000000000e+03
-6.100000000000000000e+03 7.301328751277560514e+03
-6.300000000000000000e+03 7.330322366284257441e+03
-6.500000000000000000e+03 7.358721887394272926e+03
-6.700000000000000000e+03 7.400802475834731013e+03
-6.900000000000000000e+03 7.434902043319602853e+03
-7.100000000000000000e+03 7.500669823554536379e+03
-7.300000000000000000e+03 7.505882150870727855e+03
-7.500000000000000000e+03 7.517156815621127862e+03
-7.700000000000000000e+03 7.507111705167628315e+03
-7.900000000000000000e+03 7.649895266964273105e+03
-8.100000000000000000e+03 7.700656935350987624e+03
-8.300000000000000000e+03 7.700670683875668146e+03
-8.500000000000000000e+03 7.700381797651471061e+03
-8.700000000000000000e+03 7.700593961902585761e+03
-8.900000000000000000e+03 7.741979848855943601e+03
-9.100000000000000000e+03 7.781799876977565873e+03
-9.300000000000000000e+03 7.739284594927758917e+03
-9.500000000000000000e+03 7.764892509767014417e+03
-9.700000000000000000e+03 7.770857253021371434e+03
-9.900000000000000000e+03 7.790666013850757736e+03
-1.010000000000000000e+04 7.922352165147342930e+03
-1.030000000000000000e+04 7.924004007156584521e+03
-1.050000000000000000e+04 7.935680297780437286e+03
-1.070000000000000000e+04 7.936991157681410186e+03
-1.090000000000000000e+04 7.932074892306417496e+03
-1.110000000000000000e+04 7.924027668423162140e+03
-1.130000000000000000e+04 7.959133911835503568e+03
-1.150000000000000000e+04 7.900396496488620869e+03
-1.170000000000000000e+04 7.721154827832226147e+03
-1.190000000000000000e+04 7.714736296555807712e+03
-1.210000000000000000e+04 7.700013844823663931e+03
-1.230000000000000000e+04 7.705135045048838947e+03
-1.250000000000000000e+04 7.701031889735865661e+03
-1.270000000000000000e+04 7.700201569854120862e+03
-1.290000000000000000e+04 7.509768578684021122e+03
-1.310000000000000000e+04 7.501748796726461478e+03
-1.330000000000000000e+04 7.500229639009813582e+03
-1.350000000000000000e+04 7.352123167540894428e+03
-1.370000000000000000e+04 7.300801793244750115e+03
-1.390000000000000000e+04 7.395735758392227581e+03
-1.410000000000000000e+04 7.301472935252805655e+03
-1.430000000000000000e+04 7.306479682606985079e+03
-1.449826567122607230e+04 7.300000000000000000e+03
-1.450000000000000000e+04 7.299984553358026460e+03
-1.469870491141151979e+04 7.100000000000000000e+03
-1.470000000000000000e+04 7.099742110033304016e+03
-1.490000000000000000e+04 7.099234272634900663e+03
-1.510000000000000000e+04 7.100147215340462935e+03
-1.530000000000000000e+04 6.900746396886122966e+03
-1.530040694141591848e+04 6.900000000000000000e+03
-1.543506656097892301e+04 6.700000000000000000e+03
-1.549979353670623095e+04 6.500000000000000000e+03
-1.550000000000000000e+04 6.491639776812678974e+03
-1.551727731774666609e+04 6.300000000000000000e+03
-1.570000000000000000e+04 6.100029838436948921e+03
-1.570000740380354910e+04 6.100000000000000000e+03
-1.590000000000000000e+04 5.918973549465294127e+03
-1.591102296884711359e+04 5.900000000000000000e+03
-1.610000000000000000e+04 5.701712373954506802e+03
-1.610116381494815687e+04 5.700000000000000000e+03
-1.616184934363998946e+04 5.500000000000000000e+03
-1.616991732767804206e+04 5.300000000000000000e+03
-1.619769313228910869e+04 5.100000000000000000e+03
-1.624636005904976082e+04 4.900000000000000000e+03
-1.624078130828345274e+04 4.700000000000000000e+03
-1.630000000000000000e+04 4.641131275980744249e+03
-1.646840285037746435e+04 4.500000000000000000e+03
-1.643882324210473234e+04 4.300000000000000000e+03
-1.850000000000000000e+04 5.312267103159737417e+03
-1.870000000000000000e+04 5.395981101265439065e+03
-1.890000000000000000e+04 4.542021539480108913e+03
-1.785584261585060085e+04 3.900000000000000000e+03
-1.910000000000000000e+04 4.485954082377722443e+03
-2.230000000000000000e+04 6.006894122743709886e+03
-2.310000000000000000e+04 6.300000889605463271e+03
-1.827590340636623660e+04 3.700000000000000000e+03
-2.190000000000000000e+04 5.214164954390109415e+03
-2.210000000000000000e+04 5.299947228150283991e+03
-1.828311635132126685e+04 3.500000000000000000e+03
-1.965760153546367656e+04 4.100000000000000000e+03
-1.758290093030619755e+04 2.900000000000000000e+03
-1.732591833108741412e+04 2.700000000000000000e+03
-1.790000000000000000e+04 2.810175872560501375e+03
-2.350000000000000000e+04 4.954355899524175584e+03
-2.330000000000000000e+04 4.790191650910924182e+03
-1.733394897947034769e+04 2.500000000000000000e+03
-1.810000000000000000e+04 2.745404332238261759e+03
-1.973459301252240039e+04 3.300000000000000000e+03
-1.922359718274346233e+04 3.100000000000000000e+03
-1.830000000000000000e+04 2.698124402329782242e+03
-1.930000000000000000e+04 3.026737966323124965e+03
-1.750000000000000000e+04 2.321478960321522209e+03
-2.170000000000000000e+04 3.700000249024354162e+03
-1.770000000000000000e+04 2.305844909661984275e+03
-1.950000000000000000e+04 2.736902799665861494e+03
-1.648077132607440581e+04 1.700000000000000000e+03
-2.370000000000000000e+04 3.777707750032949662e+03
-1.650000000000000000e+04 1.647492794433211429e+03
-1.982947623466107689e+04 2.300000000000000000e+03
-1.968436077661040690e+04 2.100000000000000000e+03
-1.970000000000000000e+04 2.083834973109009297e+03
-1.990000000000000000e+04 1.946572268468099992e+03
-2.004858346838316720e+04 1.900000000000000000e+03
-2.010000000000000000e+04 1.831344619218730259e+03
-2.030000000000000000e+04 1.700922084764255260e+03
-2.150000000000000000e+04 1.713422139216986579e+03
-2.050000000000000000e+04 1.521700365676022329e+03
-2.054532159099505589e+04 1.500000000000000000e+03
-1.665433973860356855e+04 9.000000000000000000e+02
-2.130000000000000000e+04 1.581710459323399391e+03
-2.290000000000000000e+04 1.812545426771365783e+03
-2.070000000000000000e+04 1.466262763304565169e+03
-1.670000000000000000e+04 8.669746360416663720e+02
-2.090000000000000000e+04 1.458159605055206157e+03
-2.110000000000000000e+04 1.460880542537282736e+03
-2.270000000000000000e+04 1.669430146470883756e+03
-2.250000000000000000e+04 1.632620180864833856e+03
-1.679819575495594108e+04 7.000000000000000000e+02
-2.410000000000000000e+04 1.381905770331477697e+03
-2.381152738209147356e+04 1.300000000000000000e+03
-2.390000000000000000e+04 1.271976422785003706e+03
-1.680346005010859153e+04 5.000000000000000000e+02
-1.730000000000000000e+04 5.037677077246567592e+02
-2.745672264098438245e+04 1.100000000000000000e+03
-1.710000000000000000e+04 4.069996485861888686e+02
-1.690000000000000000e+04 3.002422599983300984e+02
-2.435816031322252456e+04 3.000000000000000000e+02
-2.417039235669824484e+04 1.000000000000000000e+02
