3.777497504817812910e+02
1.537774975048177657e+04
3.037774975048176930e+04
4.537774975048176566e+04
6.037774975048175838e+04
7.537774975048175838e+04
9.037774975048175838e+04
1.053777497504817438e+05
1.203777497504817438e+05
1.353777497504817147e+05
1.503777497504817147e+05
1.653777497504817147e+05
1.803777497504817147e+05
1.953777497504817147e+05
2.103777497504816856e+05
2.253777497504816856e+05
2.403777497504816856e+05
2.553777497504816856e+05
2.703777497504816856e+05
2.853777497504816856e+05
3.003777497504816856e+05
3.153777497504816856e+05
3.303777497504816856e+05
3.453777497504816856e+05
3.603777497504816856e+05
3.753777497504816856e+05
3.903777497504816856e+05
4.053777497504816274e+05
4.203777497504816274e+05
4.353777497504816274e+05
4.503777497504816274e+05
4.653777497504816274e+05
4.803777497504816274e+05
4.953777497504816274e+05
5.103777497504816274e+05
5.253777497504815692e+05
5.403777497504815692e+05
5.553777497504815692e+05
5.703777497504815692e+05
5.853777497504815692e+05
6.003777497504815692e+05
6.153777497504815692e+05
6.303777497504815692e+05
6.453777497504815692e+05
6.603777497504815692e+05
6.753777497504815692e+05
6.903777497504815692e+05
7.053777497504815692e+05
7.203777497504815692e+05
7.353777497504815692e+05
7.503777497504815692e+05
7.653777497504815692e+05
7.803777497504815692e+05
7.953777497504815692e+05
8.103777497504814528e+05
8.253777497504814528e+05
8.403777497504814528e+05
8.553777497504814528e+05
8.703777497504814528e+05
8.853777497504814528e+05
9.003777497504814528e+05
9.153777497504814528e+05
9.303777497504814528e+05
9.453777497504814528e+05
9.603777497504814528e+05
9.753777497504814528e+05
9.903777497504814528e+05
1.005377749750481453e+06
1.020377749750481453e+06
1.035377749750481453e+06
1.050377749750481220e+06
1.065377749750481220e+06
1.080377749750481220e+06
1.095377749750481220e+06
1.110377749750481220e+06
1.125377749750481220e+06
1.140377749750481220e+06
1.155377749750481220e+06
1.170377749750481220e+06
1.185377749750481220e+06
1.200377749750481220e+06
1.215377749750481220e+06
1.230377749750481220e+06
1.245377749750481220e+06
1.260377749750481220e+06
1.275377749750481220e+06
1.290377749750481220e+06
1.305377749750481220e+06
1.320377749750481220e+06
1.335377749750481220e+06
1.350377749750481220e+06
1.365377749750481220e+06
1.380377749750481220e+06
1.395377749750481220e+06
1.410377749750481220e+06
1.425377749750481220e+06
1.440377749750481220e+06
1.455377749750481220e+06
1.470377749750481220e+06
1.485377749750481220e+06
1.500377749750481220e+06
1.515377749750481220e+06
1.530377749750481220e+06
1.545377749750481220e+06
1.560377749750481220e+06
1.575377749750481220e+06
1.590377749750481220e+06
1.605377749750480987e+06
1.620377749750480987e+06
1.635377749750480987e+06
1.650377749750480987e+06
1.665377749750480987e+06
1.680377749750480987e+06
1.695377749750480987e+06
1.710377749750480987e+06
1.725377749750480987e+06
1.740377749750480987e+06
1.755377749750480987e+06
1.770377749750480987e+06
1.785377749750480987e+06
1.800377749750480987e+06
1.815377749750480987e+06
1.830377749750480987e+06
1.845377749750480987e+06
1.860377749750480987e+06
1.875377749750480987e+06
1.890377749750480987e+06
1.905377749750480987e+06
1.920377749750480987e+06
