2.409851296786045714e+04 2.500000000000000000e+02
2.409408904397187871e+04 7.500000000000000000e+02
2.409184850480738169e+04 1.250000000000000000e+03
2.409026353383374590e+04 1.750000000000000000e+03
2.408389361879662101e+04 2.250000000000000000e+03
2.407675202774739228e+04 2.750000000000000000e+03
2.406727265308036294e+04 3.250000000000000000e+03
2.405491648743701080e+04 3.750000000000000000e+03
2.403006815918251596e+04 4.250000000000000000e+03
2.387771353001874741e+04 4.750000000000000000e+03
2.385009850131953135e+04 5.250000000000000000e+03
2.378328433828528432e+04 5.750000000000000000e+03
2.375251760352775091e+04 6.250000000000000000e+03
2.375000000000000000e+04 6.256099882660358162e+03
2.355889552006947633e+04 6.750000000000000000e+03
2.352944752924343993e+04 7.250000000000000000e+03
2.350401093057234175e+04 7.750000000000000000e+03
2.328321921381267384e+04 8.250000000000000000e+03
2.325141456638314776e+04 8.750000000000000000e+03
2.325000000000000000e+04 8.753408232736359423e+03
2.306049166659044931e+04 9.250000000000000000e+03
2.301002738222750122e+04 9.750000000000000000e+03
2.283716803695947965e+04 1.025000000000000000e+04
2.275136265284496767e+04 1.075000000000000000e+04
2.275000000000000000e+04 1.075301882665455923e+04
2.254047847941458895e+04 1.125000000000000000e+04
2.250186575336170426e+04 1.175000000000000000e+04
2.227042457872356317e+04 1.225000000000000000e+04
2.225000000000000000e+04 1.229867637404472407e+04
2.204541003969187659e+04 1.275000000000000000e+04
2.200317915235500550e+04 1.325000000000000000e+04
2.175579400230008832e+04 1.375000000000000000e+04
2.175000000000000000e+04 1.376264931894393521e+04
2.152820880028514875e+04 1.425000000000000000e+04
2.131059976780932629e+04 1.475000000000000000e+04
2.125193786066370012e+04 1.525000000000000000e+04
2.125000000000000000e+04 1.525381304638810980e+04
2.101125522933317188e+04 1.575000000000000000e+04
2.076477043005203450e+04 1.625000000000000000e+04
2.075004244270681738e+04 1.675000000000000000e+04
2.075000000000000000e+04 1.675008493065487710e+04
2.050463018806088076e+04 1.725000000000000000e+04
2.025278829798586594e+04 1.775000000000000000e+04
2.025000000000000000e+04 1.775557738302902726e+04
2.000523668470406847e+04 1.825000000000000000e+04
1.976380424745381242e+04 1.875000000000000000e+04
1.975000000000000000e+04 1.877699251165065289e+04
1.950536633099231767e+04 1.925000000000000000e+04
1.926175794400196901e+04 1.975000000000000000e+04
1.925000000000000000e+04 1.977367653386909660e+04
1.886259663037444261e+04 2.025000000000000000e+04
1.875875089315355581e+04 2.075000000000000000e+04
1.875000000000000000e+04 2.076687542889278848e+04
1.832302299296411366e+04 2.125000000000000000e+04
1.825149453956524303e+04 2.175000000000000000e+04
1.825000000000000000e+04 2.175294592349023878e+04
1.777791998436881840e+04 2.225000000000000000e+04
1.775000000000000000e+04 2.227876824252182632e+04
1.731913770612249573e+04 2.275000000000000000e+04
1.725000000000000000e+04 2.282251265060851802e+04
1.701171523681452891e+04 2.325000000000000000e+04
1.675607093685440122e+04 2.375000000000000000e+04
1.675000000000000000e+04 2.376163377510218197e+04
1.630431630719612986e+04 2.425000000000000000e+04
1.625064472371076590e+04 2.475000000000000000e+04
1.625000000000000000e+04 2.475140132796065882e+04
1.582156071819971476e+04 2.525000000000000000e+04
1.575000000000000000e+04 2.531557947351788607e+04
1.525000000000000000e+04 2.550764533057804147e+04
1.475486241795008573e+04 2.575000000000000000e+04
1.475000000000000000e+04 2.575234012443471511e+04
1.425000000000000000e+04 2.583869914760629763e+04
1.402482962609873539e+04 2.625000000000000000e+04
1.382664555843194103e+04 2.675000000000000000e+04
1.375966639743261294e+04 2.725000000000000000e+04
1.375000000000000000e+04 2.727263688048966287e+04
1.352782866616413048e+04 2.775000000000000000e+04
1.335679304950278674e+04 2.825000000000000000e+04
1.325000000000000000e+04 2.839235200585499842e+04
1.276455167787830942e+04 2.875000000000000000e+04
1.275000000000000000e+04 2.875511156860475239e+04
1.225000000000000000e+04 2.883798018745878289e+04
1.177403589169134648e+04 2.925000000000000000e+04
1.175000000000000000e+04 2.927257970032843514e+04
1.126297104742697047e+04 2.975000000000000000e+04
1.125000000000000000e+04 2.975663320855946586e+04
1.075091854772078113e+04 3.025000000000000000e+04
1.075000000000000000e+04 3.025090414553643859e+04
1.025000000000000000e+04 3.051033334673599529e+04
9.769656657310344599e+03 3.075000000000000000e+04
9.750000000000000000e+03 3.076865749837417025e+04
9.252605569976802144e+03 3.125000000000000000e+04
9.250000000000000000e+03 3.125131861874232709e+04
8.750000000000000000e+03 3.150836219434144368e+04
8.272758249752218035e+03 3.175000000000000000e+04
8.250000000000000000e+03 3.177185848089730644e+04
7.759116250456126181e+03 3.225000000000000000e+04
7.750000000000000000e+03 3.225458217791248899e+04
7.250088710180103590e+03 3.275000000000000000e+04
7.250000000000000000e+03 3.275008830930644763e+04
6.750000000000000000e+03 3.278345419421528641e+04
6.266072970854698724e+03 3.325000000000000000e+04
6.250000000000000000e+03 3.325810191905455576e+04
5.750350448775126097e+03 3.375000000000000000e+04
5.750000000000000000e+03 3.375034840455943049e+04
5.250000000000000000e+03 3.379536384556460689e+04
4.761655586207423767e+03 3.425000000000000000e+04
4.750000000000000000e+03 3.425587533263824298e+04
4.250000000000000000e+03 3.434057190599288151e+04
3.763552418881668473e+03 3.475000000000000000e+04
3.750000000000000000e+03 3.475675841651066730e+04
3.250000000000000000e+03 3.484621603936626343e+04
2.763252532741017603e+03 3.525000000000000000e+04
2.750000000000000000e+03 3.525665035532732873e+04
2.250000000000000000e+03 3.534131109550696419e+04
1.755203465791753388e+03 3.575000000000000000e+04
1.750000000000000000e+03 3.575261133917391999e+04
1.250000000000000000e+03 3.582640490785305883e+04
7.500000000000000000e+02 3.601648417145600979e+04
2.639534687707154603e+02 3.625000000000000000e+04
2.500000000000000000e+02 3.625656089725300262e+04
-2.500000000000000000e+02 3.636893855184566200e+04
-7.500000000000000000e+02 3.653514549284681561e+04
-1.210329004898446783e+03 3.675000000000000000e+04
-1.250000000000000000e+03 3.676783364698597143e+04
-1.750000000000000000e+03 3.682700188243883167e+04
-2.250000000000000000e+03 3.702824413596455997e+04
-2.750000000000000000e+03 3.709582800363795104e+04
-3.140302883217344515e+03 3.725000000000000000e+04
-3.250000000000000000e+03 3.729141681637514557e+04
-3.750000000000000000e+03 3.738680777685787325e+04
-4.250000000000000000e+03 3.755865568357606389e+04
-4.750000000000000000e+03 3.775220028764806921e+04
-5.250000000000000000e+03 3.780625447124487255e+04
-5.750000000000000000e+03 3.791394461751876224e+04
-6.250000000000000000e+03 3.806324652123278065e+04
-6.750000000000000000e+03 3.810112142895354191e+04
-7.250000000000000000e+03 3.828745951617103856e+04
-7.750000000000000000e+03 3.837062901053747191e+04
-8.250000000000000000e+03 3.842522148845299671e+04
-8.750000000000000000e+03 3.847590230541529309e+04
-9.250000000000000000e+03 3.856558286825405230e+04
-9.750000000000000000e+03 3.857774378852412337e+04
-1.025000000000000000e+04 3.875470085784832190e+04
-1.075000000000000000e+04 3.875807998932823830e+04
-1.125000000000000000e+04 3.876268107582510129e+04
-1.175000000000000000e+04 3.876758472279473790e+04
-1.225000000000000000e+04 3.876859875923726213e+04
-1.275000000000000000e+04 3.876985700156295206e+04
-1.325000000000000000e+04 3.876556045704225107e+04
-1.375000000000000000e+04 3.876426918850136281e+04
-1.425000000000000000e+04 3.875873566471393860e+04
-1.475000000000000000e+04 3.875187126243660896e+04
-1.525000000000000000e+04 3.875000099115818739e+04
-1.575000000000000000e+04 3.856381832778130774e+04
-1.625000000000000000e+04 3.854876805048108508e+04
-1.675000000000000000e+04 3.843226604589496856e+04
-1.725000000000000000e+04 3.839872210245039605e+04
-1.775000000000000000e+04 3.836292274801438907e+04
-1.825000000000000000e+04 3.833865778372906789e+04
-1.875000000000000000e+04 3.830858381073803321e+04
-1.925000000000000000e+04 3.827752117662051751e+04
-1.975000000000000000e+04 3.825064361262309103e+04
-2.025000000000000000e+04 3.805960197101227823e+04
-2.075000000000000000e+04 3.790170467776503938e+04
-2.125000000000000000e+04 3.783195915361910738e+04
-2.175000000000000000e+04 3.776668264757172437e+04
-2.225000000000000000e+04 3.775012819004333141e+04
-2.275000000000000000e+04 3.742256613539030513e+04
-2.325000000000000000e+04 3.735016134829736257e+04
-2.375000000000000000e+04 3.727806920404291304e+04
-2.425000000000000000e+04 3.725044744904531399e+04
-2.425104821307421298e+04 3.725000000000000000e+04
-2.475000000000000000e+04 3.704777570881381689e+04
-2.525000000000000000e+04 3.687227838434463774e+04
-2.575000000000000000e+04 3.679906585151331819e+04
-2.625000000000000000e+04 3.675127528203841939e+04
-2.625290808749343705e+04 3.675000000000000000e+04
-2.675000000000000000e+04 3.653564354173968604e+04
-2.725000000000000000e+04 3.632530366166125896e+04
-2.775000000000000000e+04 3.625350319284416037e+04
-2.775735850352683701e+04 3.625000000000000000e+04
-2.825000000000000000e+04 3.589539149184285634e+04
-2.875000000000000000e+04 3.577783222770834982e+04
-2.878801026833632568e+04 3.575000000000000000e+04
-2.925000000000000000e+04 3.542700758557295194e+04
-2.975000000000000000e+04 3.533548553438915405e+04
-3.025000000000000000e+04 3.525335004946253321e+04
-3.025630403260610183e+04 3.525000000000000000e+04
-3.075000000000000000e+04 3.482794085203292343e+04
-3.084207578680820734e+04 3.475000000000000000e+04
-3.125000000000000000e+04 3.440219333555639605e+04
-3.175000000000000000e+04 3.429622401093430381e+04
-3.179873286618141356e+04 3.425000000000000000e+04
-3.225000000000000000e+04 3.380768748552207398e+04
-3.231251899476677136e+04 3.375000000000000000e+04
-3.275000000000000000e+04 3.337054816167675745e+04
-3.325000000000000000e+04 3.326432662513969990e+04
-3.327576948246133543e+04 3.325000000000000000e+04
-3.375000000000000000e+04 3.281012932731039473e+04
-3.383047130632490007e+04 3.275000000000000000e+04
-3.425000000000000000e+04 3.236225940721205916e+04
-3.436805182125895954e+04 3.225000000000000000e+04
-3.475000000000000000e+04 3.186771323788363588e+04
-3.525000000000000000e+04 3.175603028488312339e+04
-3.525596308848083572e+04 3.175000000000000000e+04
-3.575000000000000000e+04 3.129395923323344323e+04
-3.579571896044525056e+04 3.125000000000000000e+04
-3.625000000000000000e+04 3.090855497664597351e+04
-3.675000000000000000e+04 3.082588108835994353e+04
-3.684437005357188173e+04 3.075000000000000000e+04
-3.725000000000000000e+04 3.039990889044590585e+04
-3.775000000000000000e+04 3.031753888818336782e+04
-3.784522607175920712e+04 3.025000000000000000e+04
-3.825000000000000000e+04 2.987254802878970440e+04
-3.839299055173529632e+04 2.975000000000000000e+04
-3.875000000000000000e+04 2.940077552470852970e+04
-3.890703262435893703e+04 2.925000000000000000e+04
-3.925000000000000000e+04 2.885015171062276204e+04
-3.936872254107378103e+04 2.875000000000000000e+04
-3.975000000000000000e+04 2.840008618313914485e+04
-3.986155118352377758e+04 2.825000000000000000e+04
-3.985875776869455149e+04 2.775000000000000000e+04
-4.025000000000000000e+04 2.733043819463243926e+04
-4.032504815879457601e+04 2.725000000000000000e+04
-4.075000000000000000e+04 2.690457307047754148e+04
-4.125000000000000000e+04 2.688868982762682208e+04
-4.175000000000000000e+04 2.683365358478503913e+04
-4.225000000000000000e+04 2.679566752400964833e+04
-4.233576359609851352e+04 2.675000000000000000e+04
-4.275000000000000000e+04 2.626478626980847912e+04
-4.275735708505849470e+04 2.625000000000000000e+04
-4.300383020867953019e+04 2.575000000000000000e+04
-4.325000000000000000e+04 2.525797381477269664e+04
-4.325774018627811165e+04 2.525000000000000000e+04
-4.351076840880543750e+04 2.475000000000000000e+04
-4.375000000000000000e+04 2.427417978107577437e+04
-4.377316005421497539e+04 2.425000000000000000e+04
-4.425000000000000000e+04 2.376305280743675394e+04
-4.426280352099984884e+04 2.375000000000000000e+04
-4.452845650858879526e+04 2.325000000000000000e+04
-4.475000000000000000e+04 2.280745119915844043e+04
-4.480010715260727011e+04 2.275000000000000000e+04
-4.525000000000000000e+04 2.227474952933459645e+04
-4.527378221710486105e+04 2.225000000000000000e+04
-4.575000000000000000e+04 2.175350360139995246e+04
-4.575194111295569746e+04 2.175000000000000000e+04
-4.581692145426072966e+04 2.125000000000000000e+04
-4.625000000000000000e+04 2.077015703985278014e+04
-4.626931801251522847e+04 2.075000000000000000e+04
-4.654177235346136877e+04 2.025000000000000000e+04
-4.675000000000000000e+04 1.977231757901980018e+04
-4.677009534116049326e+04 1.975000000000000000e+04
-4.725000000000000000e+04 1.929827470508800616e+04
-4.729432486157504172e+04 1.925000000000000000e+04
-4.737496108248017117e+04 1.875000000000000000e+04
-4.775000000000000000e+04 1.833732921450570575e+04
-4.782863432183952682e+04 1.825000000000000000e+04
-4.825000000000000000e+04 1.775594738546786539e+04
-4.825510344054296729e+04 1.775000000000000000e+04
-4.835527784452019114e+04 1.725000000000000000e+04
-4.875000000000000000e+04 1.678477910154282290e+04
-4.877852632842744060e+04 1.675000000000000000e+04
-4.883598823015849484e+04 1.625000000000000000e+04
-4.925000000000000000e+04 1.575101948994883787e+04
-4.925085833519015432e+04 1.575000000000000000e+04
-4.931250626145464776e+04 1.525000000000000000e+04
-4.975000000000000000e+04 1.475000265498438057e+04
-4.975000143320503412e+04 1.475000000000000000e+04
-4.976602267585359368e+04 1.425000000000000000e+04
-4.987170748815678962e+04 1.375000000000000000e+04
-5.025000000000000000e+04 1.325056851710642513e+04
-5.025045338788286608e+04 1.325000000000000000e+04
-5.030313731229481346e+04 1.275000000000000000e+04
-5.053224359166646900e+04 1.225000000000000000e+04
-5.075000000000000000e+04 1.175049049949873915e+04
-5.075037877217412461e+04 1.175000000000000000e+04
-5.081201662456215126e+04 1.125000000000000000e+04
-5.103117159267066745e+04 1.075000000000000000e+04
-5.125000000000000000e+04 1.025033325575605704e+04
-5.125016012483154918e+04 1.025000000000000000e+04
-5.128626059635572892e+04 9.750000000000000000e+03
-5.134872713701735483e+04 9.250000000000000000e+03
-5.140331889953748760e+04 8.750000000000000000e+03
-5.156175951427991822e+04 8.250000000000000000e+03
-5.175000000000000000e+04 7.750013907794283114e+03
-5.175000840424239141e+04 7.750000000000000000e+03
-5.181011313514695939e+04 7.250000000000000000e+03
-5.185887850509597047e+04 6.750000000000000000e+03
-5.191594118319180416e+04 6.250000000000000000e+03
-5.225000000000000000e+04 5.750076043644156925e+03
-5.225003308628175000e+04 5.750000000000000000e+03
-5.226953762486537744e+04 5.250000000000000000e+03
-5.231076401652640925e+04 4.750000000000000000e+03
-5.234745582279936934e+04 4.250000000000000000e+03
-5.236910673420308740e+04 3.750000000000000000e+03
-5.240047430000320310e+04 3.250000000000000000e+03
-5.242283376968241646e+04 2.750000000000000000e+03
-5.245558502461549506e+04 2.250000000000000000e+03
-5.246759809530921484e+04 1.750000000000000000e+03
-5.248826172206035699e+04 1.250000000000000000e+03
-5.257628090498546953e+04 7.500000000000000000e+02
-5.258192656553681445e+04 2.500000000000000000e+02
