-9.718192336513143964e+05
-9.658192336513143964e+05
-9.598192336513143964e+05
-9.538192336513143964e+05
-9.478192336513143964e+05
-9.418192336513143964e+05
-9.358192336513143964e+05
-9.298192336513143964e+05
-9.238192336513143964e+05
-9.178192336513143964e+05
-9.118192336513143964e+05
-9.058192336513143964e+05
-8.998192336513143964e+05
-8.938192336513143964e+05
-8.878192336513143964e+05
-8.818192336513143964e+05
-8.758192336513143964e+05
-8.698192336513143964e+05
-8.638192336513143964e+05
-8.578192336513143964e+05
-8.518192336513143964e+05
-8.458192336513143964e+05
-8.398192336513143964e+05
-8.338192336513143964e+05
-8.278192336513143964e+05
-8.218192336513143964e+05
-8.158192336513143964e+05
-8.098192336513143964e+05
-8.038192336513143964e+05
-7.978192336513143964e+05
-7.918192336513143964e+05
-7.858192336513143964e+05
-7.798192336513143964e+05
-7.738192336513143964e+05
-7.678192336513143964e+05
-7.618192336513143964e+05
-7.558192336513143964e+05
-7.498192336513143964e+05
-7.438192336513143964e+05
-7.378192336513143964e+05
-7.318192336513143964e+05
-7.258192336513143964e+05
-7.198192336513143964e+05
-7.138192336513143964e+05
-7.078192336513143964e+05
-7.018192336513143964e+05
-6.958192336513143964e+05
-6.898192336513143964e+05
-6.838192336513143964e+05
-6.778192336513143964e+05
-6.718192336513143964e+05
-6.658192336513143964e+05
-6.598192336513143964e+05
-6.538192336513143964e+05
-6.478192336513143964e+05
-6.418192336513143964e+05
-6.358192336513143964e+05
-6.298192336513143964e+05
-6.238192336513143964e+05
-6.178192336513143964e+05
-6.118192336513143964e+05
-6.058192336513143964e+05
-5.998192336513143964e+05
-5.938192336513143964e+05
-5.878192336513143964e+05
-5.818192336513143964e+05
-5.758192336513143964e+05
-5.698192336513143964e+05
-5.638192336513143964e+05
-5.578192336513143964e+05
-5.518192336513143964e+05
-5.458192336513143964e+05
-5.398192336513143964e+05
-5.338192336513143964e+05
-5.278192336513143964e+05
-5.218192336513143964e+05
-5.158192336513143964e+05
-5.098192336513143964e+05
-5.038192336513143964e+05
-4.978192336513143964e+05
-4.918192336513143964e+05
-4.858192336513143964e+05
-4.798192336513143964e+05
-4.738192336513143964e+05
-4.678192336513143964e+05
-4.618192336513143964e+05
-4.558192336513143964e+05
-4.498192336513143964e+05
-4.438192336513143964e+05
-4.378192336513143964e+05
-4.318192336513143964e+05
-4.258192336513143964e+05
-4.198192336513143964e+05
-4.138192336513143964e+05
-4.078192336513143964e+05
-4.018192336513143964e+05
-3.958192336513143964e+05
-3.898192336513143964e+05
-3.838192336513143964e+05
-3.778192336513143964e+05
-3.718192336513143964e+05
-3.658192336513143964e+05
-3.598192336513143964e+05
-3.538192336513143964e+05
-3.478192336513143964e+05
-3.418192336513143964e+05
-3.358192336513143964e+05
-3.298192336513143964e+05
-3.238192336513143964e+05
-3.178192336513143964e+05
-3.118192336513143964e+05
-3.058192336513143964e+05
-2.998192336513143964e+05
-2.938192336513143964e+05
-2.878192336513143964e+05
-2.818192336513143964e+05
-2.758192336513143964e+05
-2.698192336513143964e+05
-2.638192336513143964e+05
-2.578192336513143964e+05
-2.518192336513143964e+05
-2.458192336513143964e+05
-2.398192336513143964e+05
-2.338192336513143964e+05
-2.278192336513143964e+05
-2.218192336513143964e+05
-2.158192336513143964e+05
-2.098192336513143964e+05
-2.038192336513143964e+05
-1.978192336513143964e+05
-1.918192336513143964e+05
-1.858192336513143964e+05
-1.798192336513143964e+05
-1.738192336513143964e+05
-1.678192336513143964e+05
-1.618192336513143964e+05
-1.558192336513143964e+05
-1.498192336513143964e+05
-1.438192336513143964e+05
-1.378192336513143964e+05
-1.318192336513143964e+05
-1.258192336513143964e+05
-1.198192336513143964e+05
-1.138192336513143964e+05
-1.078192336513143964e+05
-1.018192336513143964e+05
-9.581923365131439641e+04
-8.981923365131439641e+04
-8.381923365131439641e+04
-7.781923365131439641e+04
-7.181923365131439641e+04
-6.581923365131439641e+04
-5.981923365131439641e+04
-5.381923365131439641e+04
-4.781923365131439641e+04
-4.181923365131439641e+04
-3.581923365131439641e+04
-2.981923365131439641e+04
-2.381923365131439641e+04
-1.781923365131439641e+04
-1.181923365131439641e+04
-5.819233651314396411e+03
1.807663486856035888e+02
6.180766348685603589e+03
1.218076634868560359e+04
1.818076634868560359e+04
2.418076634868560359e+04
3.018076634868560359e+04
3.618076634868560359e+04
4.218076634868560359e+04
4.818076634868560359e+04
5.418076634868560359e+04
6.018076634868560359e+04
6.618076634868560359e+04
7.218076634868560359e+04
7.818076634868560359e+04
8.418076634868560359e+04
9.018076634868560359e+04
9.618076634868560359e+04
1.021807663486856036e+05
1.081807663486856036e+05
1.141807663486856036e+05
1.201807663486856036e+05
1.261807663486856036e+05
1.321807663486856036e+05
1.381807663486856036e+05
1.441807663486856036e+05
1.501807663486856036e+05
1.561807663486856036e+05
1.621807663486856036e+05
1.681807663486856036e+05
1.741807663486856036e+05
1.801807663486856036e+05
1.861807663486856036e+05
1.921807663486856036e+05
1.981807663486856036e+05
2.041807663486856036e+05
2.101807663486856036e+05
2.161807663486856036e+05
2.221807663486856036e+05
2.281807663486856036e+05
2.341807663486856036e+05
2.401807663486856036e+05
2.461807663486856036e+05
2.521807663486856036e+05
2.581807663486856036e+05
2.641807663486856036e+05
2.701807663486856036e+05
2.761807663486856036e+05
2.821807663486856036e+05
2.881807663486856036e+05
2.941807663486856036e+05
3.001807663486856036e+05
3.061807663486856036e+05
3.121807663486856036e+05
3.181807663486856036e+05
3.241807663486856036e+05
3.301807663486856036e+05
3.361807663486856036e+05
3.421807663486856036e+05
3.481807663486856036e+05
3.541807663486856036e+05
3.601807663486856036e+05
3.661807663486856036e+05
3.721807663486856036e+05
