1.168352206239126190e+02
6.116835220623910573e+03
1.211683522062390875e+04
1.811683522062390693e+04
2.411683522062390693e+04
3.011683522062390693e+04
3.611683522062389966e+04
4.211683522062389966e+04
4.811683522062389966e+04
5.411683522062389966e+04
6.011683522062389966e+04
6.611683522062389238e+04
7.211683522062387783e+04
7.811683522062387783e+04
8.411683522062387783e+04
9.011683522062387783e+04
9.611683522062387783e+04
1.021168352206238778e+05
1.081168352206238778e+05
1.141168352206238778e+05
1.201168352206238778e+05
1.261168352206238633e+05
1.321168352206238778e+05
1.381168352206238778e+05
1.441168352206238487e+05
1.501168352206238487e+05
1.561168352206238487e+05
1.621168352206238487e+05
1.681168352206238487e+05
1.741168352206238487e+05
1.801168352206238487e+05
1.861168352206238487e+05
1.921168352206238487e+05
1.981168352206238487e+05
2.041168352206238487e+05
2.101168352206238487e+05
2.161168352206238487e+05
2.221168352206238487e+05
2.281168352206238487e+05
2.341168352206238487e+05
2.401168352206238487e+05
2.461168352206238196e+05
2.521168352206238196e+05
2.581168352206238196e+05
2.641168352206238778e+05
2.701168352206238778e+05
2.761168352206238778e+05
2.821168352206238778e+05
2.881168352206238196e+05
2.941168352206238196e+05
3.001168352206238196e+05
3.061168352206238196e+05
3.121168352206238196e+05
3.181168352206238196e+05
3.241168352206238196e+05
3.301168352206238196e+05
3.361168352206238196e+05
3.421168352206238196e+05
3.481168352206238196e+05
3.541168352206238196e+05
3.601168352206238196e+05
3.661168352206238196e+05
3.721168352206238196e+05
3.781168352206238196e+05
3.841168352206238196e+05
3.901168352206238196e+05
3.961168352206238196e+05
4.021168352206238196e+05
4.081168352206238196e+05
4.141168352206238196e+05
4.201168352206238196e+05
4.261168352206238196e+05
4.321168352206238196e+05
4.381168352206238196e+05
4.441168352206238196e+05
4.501168352206238196e+05
4.561168352206238196e+05
4.621168352206238196e+05
4.681168352206238196e+05
4.741168352206238196e+05
4.801168352206238196e+05
4.861168352206237614e+05
4.921168352206237614e+05
4.981168352206237614e+05
5.041168352206237614e+05
5.101168352206237614e+05
5.161168352206237614e+05
5.221168352206237614e+05
5.281168352206237614e+05
5.341168352206237614e+05
5.401168352206237614e+05
5.461168352206237614e+05
5.521168352206237614e+05
5.581168352206237614e+05
5.641168352206237614e+05
5.701168352206237614e+05
5.761168352206236450e+05
5.821168352206236450e+05
5.881168352206236450e+05
5.941168352206236450e+05
6.001168352206236450e+05
6.061168352206236450e+05
6.121168352206236450e+05
6.181168352206236450e+05
6.241168352206236450e+05
6.301168352206236450e+05
6.361168352206236450e+05
6.421168352206236450e+05
6.481168352206236450e+05
6.541168352206236450e+05
6.601168352206236450e+05
6.661168352206236450e+05
6.721168352206236450e+05
6.781168352206236450e+05
6.841168352206236450e+05
6.901168352206236450e+05
6.961168352206236450e+05
7.021168352206236450e+05
7.081168352206236450e+05
7.141168352206236450e+05
7.201168352206236450e+05
7.261168352206236450e+05
7.321168352206236450e+05
7.381168352206236450e+05
7.441168352206236450e+05
7.501168352206236450e+05
7.561168352206236450e+05
7.621168352206236450e+05
7.681168352206236450e+05
7.741168352206236450e+05
7.801168352206236450e+05
7.861168352206236450e+05
7.921168352206236450e+05
7.981168352206236450e+05
8.041168352206236450e+05
8.101168352206236450e+05
8.161168352206236450e+05
8.221168352206236450e+05
8.281168352206236450e+05
8.341168352206236450e+05
8.401168352206236450e+05
8.461168352206236450e+05
8.521168352206236450e+05
8.581168352206236450e+05
8.641168352206236450e+05
8.701168352206236450e+05
8.761168352206236450e+05
8.821168352206236450e+05
8.881168352206236450e+05
8.941168352206236450e+05
9.001168352206236450e+05
9.061168352206236450e+05
9.121168352206236450e+05
9.181168352206236450e+05
9.241168352206236450e+05
9.301168352206236450e+05
9.361168352206236450e+05
9.421168352206236450e+05
9.481168352206236450e+05
9.541168352206236450e+05
9.601168352206236450e+05
9.661168352206235286e+05
9.721168352206235286e+05
