9.974472374842694990e+03 1.000000000000000000e+02
9.965549046210859160e+03 3.000000000000000000e+02
9.956100547969055697e+03 5.000000000000000000e+02
9.944937642169896208e+03 7.000000000000000000e+02
9.935780013527488336e+03 9.000000000000000000e+02
9.923166965721778979e+03 1.100000000000000000e+03
9.907031324494359069e+03 1.300000000000000000e+03
9.900000000000000000e+03 1.321865595618239695e+03
9.839128758263103009e+03 1.500000000000000000e+03
9.825798608236249493e+03 1.700000000000000000e+03
9.816919621986635320e+03 1.900000000000000000e+03
9.768640359705370429e+03 2.100000000000000000e+03
9.757280677338832902e+03 2.300000000000000000e+03
9.746164567087056639e+03 2.500000000000000000e+03
9.735241813402317348e+03 2.700000000000000000e+03
9.722776015155866844e+03 2.900000000000000000e+03
9.707913341786408637e+03 3.100000000000000000e+03
9.700207213057648914e+03 3.300000000000000000e+03
9.700000000000000000e+03 3.300567790566130498e+03
9.626882940799239805e+03 3.500000000000000000e+03
9.618811804565810235e+03 3.700000000000000000e+03
9.558606559146004656e+03 3.900000000000000000e+03
9.543393427476508805e+03 4.100000000000000000e+03
9.525926367587340792e+03 4.300000000000000000e+03
9.505050241942351931e+03 4.500000000000000000e+03
9.500000000000000000e+03 4.515001514651543403e+03
9.434168218251679718e+03 4.700000000000000000e+03
9.419123809151085879e+03 4.900000000000000000e+03
9.353374337463410484e+03 5.100000000000000000e+03
9.335424574869974094e+03 5.300000000000000000e+03
9.305936356729567706e+03 5.500000000000000000e+03
9.300077716636063997e+03 5.700000000000000000e+03
9.300000000000000000e+03 5.700183422808445357e+03
9.210995315530430162e+03 5.900000000000000000e+03
9.141311039898500894e+03 6.100000000000000000e+03
9.110107753112928549e+03 6.300000000000000000e+03
9.100102200370798528e+03 6.500000000000000000e+03
9.100000000000000000e+03 6.500232586280253599e+03
9.008248828461122685e+03 6.700000000000000000e+03
8.929218313270523140e+03 6.900000000000000000e+03
8.901398372588366328e+03 7.100000000000000000e+03
8.900000000000000000e+03 7.103016216935105149e+03
8.810822553079084173e+03 7.300000000000000000e+03
8.800417295578041376e+03 7.500000000000000000e+03
8.702710456672801229e+03 7.700000000000000000e+03
8.700000000000000000e+03 7.706045837919169571e+03
8.615639673146608402e+03 7.900000000000000000e+03
8.601146040195304522e+03 8.100000000000000000e+03
8.502375107832314825e+03 8.300000000000000000e+03
8.500000000000000000e+03 8.305247092721821900e+03
8.409794403241572581e+03 8.500000000000000000e+03
8.400255625554817016e+03 8.700000000000000000e+03
8.301173441681641634e+03 8.900000000000000000e+03
8.300000000000000000e+03 8.902356093671145572e+03
8.202182598273146141e+03 9.100000000000000000e+03
8.103906883683160231e+03 9.300000000000000000e+03
8.100000000000000000e+03 9.307993827775000682e+03
8.004979923089722433e+03 9.500000000000000000e+03
7.904766972168179564e+03 9.700000000000000000e+03
7.900000000000000000e+03 9.709712777387609094e+03
7.805254286848713491e+03 9.900000000000000000e+03
7.704253700891251356e+03 1.010000000000000000e+04
7.700000000000000000e+03 1.010837392754183202e+04
7.603049238429158322e+03 1.030000000000000000e+04
7.502864205659286199e+03 1.050000000000000000e+04
7.500000000000000000e+03 1.050574714617308928e+04
7.402745995016100096e+03 1.070000000000000000e+04
7.302736871735242858e+03 1.090000000000000000e+04
7.300000000000000000e+03 1.090546733033104283e+04
7.201897224314368032e+03 1.110000000000000000e+04
7.100979784968029890e+03 1.130000000000000000e+04
7.100000000000000000e+03 1.130196130363308112e+04
7.001137477086033869e+03 1.150000000000000000e+04
6.900171429267920757e+03 1.170000000000000000e+04
6.900000000000000000e+03 1.170034414258336255e+04
6.800435830461740807e+03 1.190000000000000000e+04
6.700336937873384159e+03 1.210000000000000000e+04
6.700000000000000000e+03 1.210068547963649507e+04
6.601558878267616819e+03 1.230000000000000000e+04
6.507885193433206950e+03 1.250000000000000000e+04
6.500753802621995419e+03 1.270000000000000000e+04
6.500000000000000000e+03 1.270055358695839823e+04
6.300000000000000000e+03 1.280449185000859325e+04
6.100704062750086450e+03 1.290000000000000000e+04
6.100000000000000000e+03 1.290023575981767317e+04
5.900000000000000000e+03 1.290952272557761353e+04
5.700000000000000000e+03 1.300296635349562166e+04
5.500000000000000000e+03 1.301439483632941665e+04
5.301993814830150768e+03 1.310000000000000000e+04
5.300000000000000000e+03 1.310086499589811865e+04
5.100000000000000000e+03 1.313156719354445522e+04
5.007835451671777264e+03 1.330000000000000000e+04
5.000390766272266774e+03 1.350000000000000000e+04
4.909213125309230236e+03 1.370000000000000000e+04
4.900544992638303484e+03 1.390000000000000000e+04
4.900000000000000000e+03 1.390115471082578370e+04
4.810409618360217792e+03 1.410000000000000000e+04
4.713085518449330266e+03 1.430000000000000000e+04
4.700000000000000000e+03 1.432419513714603454e+04
4.500000000000000000e+03 1.440715289561272039e+04
4.301243049066304593e+03 1.450000000000000000e+04
4.300000000000000000e+03 1.450062620673287529e+04
4.100000000000000000e+03 1.452522739113827993e+04
3.905779353684337821e+03 1.470000000000000000e+04
3.900000000000000000e+03 1.470553040978427089e+04
3.702077941282576376e+03 1.490000000000000000e+04
3.700000000000000000e+03 1.490107692881560615e+04
3.500000000000000000e+03 1.500361114918341627e+04
3.322504670991578223e+03 1.510000000000000000e+04
3.300000000000000000e+03 1.512190811282279174e+04
3.110454014663419457e+03 1.530000000000000000e+04
3.100000000000000000e+03 1.531018624454241944e+04
2.904501398438177603e+03 1.550000000000000000e+04
2.900000000000000000e+03 1.550238826858010543e+04
2.700000000000000000e+03 1.560558486170424658e+04
2.516308921528176597e+03 1.570000000000000000e+04
2.500000000000000000e+03 1.571538629245953052e+04
2.305294451944562752e+03 1.590000000000000000e+04
2.300000000000000000e+03 1.590512569262572106e+04
2.100204469656453057e+03 1.610000000000000000e+04
2.100000000000000000e+03 1.610011814010271883e+04
1.900000000000000000e+03 1.611434232584497477e+04
1.702522103409963165e+03 1.630000000000000000e+04
1.700000000000000000e+03 1.630245482050380087e+04
1.500000000000000000e+03 1.634535847226356600e+04
1.305518171009393654e+03 1.650000000000000000e+04
1.300000000000000000e+03 1.650471829321460973e+04
1.100098428321764686e+03 1.670000000000000000e+04
1.100000000000000000e+03 1.670005293882406477e+04
9.000000000000000000e+02 1.671431928235522719e+04
7.007340687237450538e+02 1.690000000000000000e+04
7.000000000000000000e+02 1.690039868521332392e+04
5.000000000000000000e+02 1.692220929485182205e+04
3.003394201010443680e+02 1.710000000000000000e+04
3.000000000000000000e+02 1.710018213719792038e+04
1.000000000000000000e+02 1.711811884688693317e+04
-1.000000000000000000e+02 1.721665340477653444e+04
-2.903988998601685125e+02 1.730000000000000000e+04
-3.000000000000000000e+02 1.730707169411598807e+04
-5.000000000000000000e+02 1.741132920148177436e+04
-6.958209288456935155e+02 1.750000000000000000e+04
-7.000000000000000000e+02 1.750334852882078121e+04
-9.000000000000000000e+02 1.760653036510954189e+04
-1.098672661022469356e+03 1.770000000000000000e+04
-1.100000000000000000e+03 1.770065146174558322e+04
-1.300000000000000000e+03 1.773091479054963202e+04
-1.499999422316630671e+03 1.790000000000000000e+04
-1.500000000000000000e+03 1.790000029290401653e+04
-1.700000000000000000e+03 1.790441281675815844e+04
-1.900000000000000000e+03 1.794396793370337400e+04
-2.100000000000000000e+03 1.801679583915303010e+04
-2.298555619128867875e+03 1.810000000000000000e+04
-2.300000000000000000e+03 1.810061142003327041e+04
-2.500000000000000000e+03 1.812925577912916197e+04
-2.700000000000000000e+03 1.815979267973188689e+04
-2.899994378546040025e+03 1.830000000000000000e+04
-2.900000000000000000e+03 1.830000260091079326e+04
-3.100000000000000000e+03 1.831084250254580911e+04
-3.300000000000000000e+03 1.834591469685532866e+04
-3.500000000000000000e+03 1.838722304144047666e+04
-3.700000000000000000e+03 1.844705003056931309e+04
-3.837892213026473655e+03 1.850000000000000000e+04
-3.900000000000000000e+03 1.853583302735637699e+04
-4.100000000000000000e+03 1.856082830658019157e+04
-4.300000000000000000e+03 1.862464396638256221e+04
-4.494238472674942386e+03 1.870000000000000000e+04
-4.500000000000000000e+03 1.870261558890942251e+04
-4.700000000000000000e+03 1.873308832552208332e+04
-4.900000000000000000e+03 1.875599589688947162e+04
-5.100000000000000000e+03 1.881967152962577893e+04
-5.300000000000000000e+03 1.884040201747793617e+04
-5.500000000000000000e+03 1.892123742961871903e+04
-5.700000000000000000e+03 1.895076513069298016e+04
-5.900000000000000000e+03 1.897168597027813667e+04
-6.100000000000000000e+03 1.902437296334930943e+04
-6.300000000000000000e+03 1.903694683277438526e+04
-6.500000000000000000e+03 1.910920559212461012e+04
-6.700000000000000000e+03 1.911933303158203125e+04
-6.900000000000000000e+03 1.913877215978059030e+04
-7.100000000000000000e+03 1.915023025568167213e+04
-7.300000000000000000e+03 1.916536609886294173e+04
-7.500000000000000000e+03 1.921811593727745640e+04
-7.700000000000000000e+03 1.922426681146062401e+04
-7.900000000000000000e+03 1.922889064474539555e+04
-8.100000000000000000e+03 1.923339806169953226e+04
-8.300000000000000000e+03 1.930192896438916432e+04
-8.500000000000000000e+03 1.930483592987316297e+04
-8.700000000000000000e+03 1.930669569454970770e+04
-8.900000000000000000e+03 1.930796559079669532e+04
-9.100000000000000000e+03 1.930882118457436081e+04
-9.300000000000000000e+03 1.930916047850602627e+04
-9.500000000000000000e+03 1.930871173001065836e+04
-9.700000000000000000e+03 1.930805137354328690e+04
-9.900000000000000000e+03 1.930693608637235957e+04
-1.010000000000000000e+04 1.930499521288294636e+04
-1.030000000000000000e+04 1.930259649072193861e+04
-1.050000000000000000e+04 1.923293831709778897e+04
-1.070000000000000000e+04 1.922933879123291990e+04
-1.090000000000000000e+04 1.922584341709005821e+04
-1.110000000000000000e+04 1.922078480499444413e+04
-1.130000000000000000e+04 1.921449027326884971e+04
-1.150000000000000000e+04 1.916085963786858701e+04
-1.170000000000000000e+04 1.914978378490200339e+04
-1.190000000000000000e+04 1.913620128673805448e+04
-1.210000000000000000e+04 1.912254841059499813e+04
-1.230000000000000000e+04 1.910070101079685628e+04
-1.250000000000000000e+04 1.910000033641506525e+04
-1.270000000000000000e+04 1.901547382850800204e+04
-1.290000000000000000e+04 1.895450670008416273e+04
-1.310000000000000000e+04 1.894040022993108141e+04
-1.330000000000000000e+04 1.892073521368166621e+04
-1.350000000000000000e+04 1.890054137806517610e+04
-1.370000000000000000e+04 1.882123758387557973e+04
-1.390000000000000000e+04 1.875709343628456918e+04
-1.410000000000000000e+04 1.873527076422941536e+04
-1.430000000000000000e+04 1.870520345093153446e+04
-1.450000000000000000e+04 1.870001788440825840e+04
-1.450003924305977307e+04 1.870000000000000000e+04
-1.470000000000000000e+04 1.855547101709368508e+04
-1.490000000000000000e+04 1.853023386611611932e+04
-1.510000000000000000e+04 1.850211372068578930e+04
-1.510296980705826718e+04 1.850000000000000000e+04
-1.530000000000000000e+04 1.841735141312296037e+04
-1.550000000000000000e+04 1.834399786787493576e+04
-1.570000000000000000e+04 1.831578790477320945e+04
-1.590000000000000000e+04 1.830032256956077254e+04
-1.590068500584151843e+04 1.830000000000000000e+04
-1.610000000000000000e+04 1.820908510206822029e+04
-1.630000000000000000e+04 1.811815446639175934e+04
-1.650000000000000000e+04 1.810042169948734954e+04
-1.650080764167499001e+04 1.810000000000000000e+04
-1.670000000000000000e+04 1.800297924760400565e+04
-1.690000000000000000e+04 1.790501824598901294e+04
-1.690598289460473825e+04 1.790000000000000000e+04
-1.710000000000000000e+04 1.781032106065837070e+04
-1.730000000000000000e+04 1.772404269656290853e+04
-1.750000000000000000e+04 1.770072852846065507e+04
-1.750143568674860944e+04 1.770000000000000000e+04
-1.770000000000000000e+04 1.760253588926136945e+04
-1.790000000000000000e+04 1.750281412014585294e+04
-1.790547696988339885e+04 1.750000000000000000e+04
-1.810000000000000000e+04 1.741224197961650498e+04
-1.830000000000000000e+04 1.731341529428237118e+04
-1.850000000000000000e+04 1.730060627652713447e+04
-1.850121062280952901e+04 1.730000000000000000e+04
-1.870000000000000000e+04 1.714744672916143099e+04
-1.890000000000000000e+04 1.710871262013816886e+04
-1.891698455231307526e+04 1.710000000000000000e+04
-1.910000000000000000e+04 1.694259481552781290e+04
-1.916092382227525377e+04 1.690000000000000000e+04
-1.930000000000000000e+04 1.675492027786111794e+04
-1.935385311406310939e+04 1.670000000000000000e+04
-1.932359985883378977e+04 1.650000000000000000e+04
-1.933286083556108861e+04 1.630000000000000000e+04
-1.950000000000000000e+04 1.613337290132173985e+04
-1.951712964031388037e+04 1.610000000000000000e+04
-1.970000000000000000e+04 1.591349619474622523e+04
-1.971008251999054846e+04 1.590000000000000000e+04
-1.990000000000000000e+04 1.583846047115367583e+04
-2.010000000000000000e+04 1.580573889418962062e+04
-2.030000000000000000e+04 1.570091487613146273e+04
-2.030155921419683000e+04 1.570000000000000000e+04
-2.050000000000000000e+04 1.563368563055030609e+04
-2.070000000000000000e+04 1.555053716333832563e+04
-2.075046424367642248e+04 1.550000000000000000e+04
-2.090000000000000000e+04 1.538199759165713294e+04
-2.110000000000000000e+04 1.534184477511146906e+04
-2.130000000000000000e+04 1.530001901152961727e+04
-2.130001938574214364e+04 1.530000000000000000e+04
-2.150000000000000000e+04 1.516951539850148583e+04
-2.170000000000000000e+04 1.514184870976435741e+04
-2.176898127392434253e+04 1.510000000000000000e+04
-2.190000000000000000e+04 1.492307485495384572e+04
-2.194522522378066787e+04 1.490000000000000000e+04
-2.200821682155140661e+04 1.470000000000000000e+04
-2.201487807836421416e+04 1.450000000000000000e+04
-2.210000000000000000e+04 1.430516909098369069e+04
-2.210423271777405898e+04 1.430000000000000000e+04
-2.225664321973843471e+04 1.410000000000000000e+04
-2.230000000000000000e+04 1.407144903802473164e+04
-2.250000000000000000e+04 1.400094903193711070e+04
-2.260349620276461064e+04 1.390000000000000000e+04
-2.270000000000000000e+04 1.386848065945850612e+04
-2.290000000000000000e+04 1.370494487769008447e+04
-2.290500986847684908e+04 1.370000000000000000e+04
-2.310000000000000000e+04 1.363545820968686530e+04
-2.323947880832801820e+04 1.350000000000000000e+04
-2.330000000000000000e+04 1.331614214576280392e+04
-2.350000000000000000e+04 1.333004771006900228e+04
-2.354339464234437037e+04 1.330000000000000000e+04
-2.370000000000000000e+04 1.315225717295886898e+04
-2.390000000000000000e+04 1.315776668452009471e+04
-2.410000000000000000e+04 1.314441592974950800e+04
-2.413728640452800755e+04 1.310000000000000000e+04
-2.430000000000000000e+04 1.291744241752118251e+04
-2.430603481805359479e+04 1.290000000000000000e+04
-2.450000000000000000e+04 1.270461047438873538e+04
-2.450279353684536909e+04 1.270000000000000000e+04
-2.456580551447076505e+04 1.250000000000000000e+04
-2.470000000000000000e+04 1.234648608879584026e+04
-2.471373058793919336e+04 1.230000000000000000e+04
-2.490000000000000000e+04 1.210267098547458590e+04
-2.490221191416064903e+04 1.210000000000000000e+04
-2.510000000000000000e+04 1.190003601997203259e+04
-2.510003722537150315e+04 1.190000000000000000e+04
-2.514604256658970553e+04 1.170000000000000000e+04
-2.530000000000000000e+04 1.154084079743638358e+04
-2.534098236976188127e+04 1.150000000000000000e+04
-2.538373629413055096e+04 1.130000000000000000e+04
-2.550000000000000000e+04 1.118089677117875181e+04
-2.558102196303865276e+04 1.110000000000000000e+04
-2.560775567314562068e+04 1.090000000000000000e+04
-2.570000000000000000e+04 1.080109893953395658e+04
-2.578312937092581342e+04 1.070000000000000000e+04
-2.590000000000000000e+04 1.055178812338112220e+04
-2.595347522136692351e+04 1.050000000000000000e+04
-2.600185929527465487e+04 1.030000000000000000e+04
-2.610000000000000000e+04 1.020033539092678802e+04
-2.620045472101215637e+04 1.010000000000000000e+04
-2.622271128184477857e+04 9.900000000000000000e+03
-2.630000000000000000e+04 9.801672781112241864e+03
-2.640061397132101047e+04 9.700000000000000000e+03
-2.642391338437717422e+04 9.500000000000000000e+03
-2.650000000000000000e+04 9.422056400952638796e+03
-2.662487679283851321e+04 9.300000000000000000e+03
-2.666100760096550221e+04 9.100000000000000000e+03
-2.670000000000000000e+04 9.051235900683434011e+03
-2.683136771262307593e+04 8.900000000000000000e+03
-2.686130224618291686e+04 8.700000000000000000e+03
-2.690000000000000000e+04 8.650549349703336702e+03
-2.705086234344453260e+04 8.500000000000000000e+03
-2.706134790689023430e+04 8.300000000000000000e+03
-2.710000000000000000e+04 8.250203090000313750e+03
-2.725018860063770626e+04 8.100000000000000000e+03
-2.730000000000000000e+04 7.901010346377700444e+03
-2.730104407126262595e+04 7.900000000000000000e+03
-2.745470126579459611e+04 7.700000000000000000e+03
-2.750000000000000000e+04 7.511008218717639465e+03
-2.751228965571656954e+04 7.500000000000000000e+03
-2.766004272547301662e+04 7.300000000000000000e+03
-2.770000000000000000e+04 7.122569650698366786e+03
-2.772510814556693731e+04 7.100000000000000000e+03
-2.784903510195317358e+04 6.900000000000000000e+03
-2.790000000000000000e+04 6.721397402045769923e+03
-2.792534953762904843e+04 6.700000000000000000e+03
-2.801703968145281760e+04 6.500000000000000000e+03
-2.810000000000000000e+04 6.300187725394528570e+03
-2.810016577493676232e+04 6.300000000000000000e+03
-2.812170304353125903e+04 6.100000000000000000e+03
-2.821370608620600615e+04 5.900000000000000000e+03
-2.826096618474433126e+04 5.700000000000000000e+03
-2.830000000000000000e+04 5.506295729720241980e+03
-2.830700007154258128e+04 5.500000000000000000e+03
-2.841661372915552056e+04 5.300000000000000000e+03
-2.850000000000000000e+04 5.101094617554963406e+03
-2.850089755199028514e+04 5.100000000000000000e+03
-2.861580254863516893e+04 4.900000000000000000e+03
-2.870000000000000000e+04 4.701327434996735974e+03
-2.870057769597535298e+04 4.700000000000000000e+03
-2.872528298053541585e+04 4.500000000000000000e+03
-2.880890905447815749e+04 4.300000000000000000e+03
-2.882035114431085094e+04 4.100000000000000000e+03
-2.890000000000000000e+04 3.901830650599403725e+03
-2.890076543970284183e+04 3.900000000000000000e+03
-2.893057633843699659e+04 3.700000000000000000e+03
-2.900551295280948398e+04 3.500000000000000000e+03
-2.902000883946319300e+04 3.300000000000000000e+03
-2.910000000000000000e+04 3.100904291188795924e+03
-2.910037802056469809e+04 3.100000000000000000e+03
-2.911278899526449459e+04 2.900000000000000000e+03
-2.912515661644382271e+04 2.700000000000000000e+03
-2.920476981758235706e+04 2.500000000000000000e+03
-2.921681448157514751e+04 2.300000000000000000e+03
-2.922763574938702004e+04 2.100000000000000000e+03
-2.930000000000000000e+04 1.910196940929405855e+03
-2.930394307218936228e+04 1.900000000000000000e+03
-2.931158134761051406e+04 1.700000000000000000e+03
-2.931723709703478744e+04 1.500000000000000000e+03
-2.932151900004687195e+04 1.300000000000000000e+03
-2.933876809162957215e+04 1.100000000000000000e+03
-2.934767961476469281e+04 9.000000000000000000e+02
-2.940647459305498705e+04 7.000000000000000000e+02
-2.941064442618315297e+04 5.000000000000000000e+02
-2.941354045011163907e+04 3.000000000000000000e+02
-2.941576739264846401e+04 1.000000000000000000e+02
