-2.704705490129479673e+06
-2.674705490129479673e+06
-2.644705490129479673e+06
-2.614705490129479673e+06
-2.584705490129479673e+06
-2.554705490129479673e+06
-2.524705490129479673e+06
-2.494705490129479673e+06
-2.464705490129479673e+06
-2.434705490129479673e+06
-2.404705490129479673e+06
-2.374705490129479673e+06
-2.344705490129479673e+06
-2.314705490129479673e+06
-2.284705490129479673e+06
-2.254705490129479673e+06
-2.224705490129479673e+06
-2.194705490129479673e+06
-2.164705490129479673e+06
-2.134705490129479673e+06
-2.104705490129479673e+06
-2.074705490129479673e+06
-2.044705490129479673e+06
-2.014705490129479673e+06
-1.984705490129479673e+06
-1.954705490129479673e+06
-1.924705490129479673e+06
-1.894705490129479673e+06
-1.864705490129479673e+06
-1.834705490129479673e+06
-1.804705490129479673e+06
-1.774705490129479673e+06
-1.744705490129479673e+06
-1.714705490129479673e+06
-1.684705490129479673e+06
-1.654705490129479673e+06
-1.624705490129479673e+06
-1.594705490129479673e+06
-1.564705490129479673e+06
-1.534705490129479673e+06
-1.504705490129479673e+06
-1.474705490129479673e+06
-1.444705490129479673e+06
-1.414705490129479673e+06
-1.384705490129479673e+06
-1.354705490129479673e+06
-1.324705490129479673e+06
-1.294705490129479673e+06
-1.264705490129479673e+06
-1.234705490129479673e+06
-1.204705490129479673e+06
-1.174705490129479673e+06
-1.144705490129479673e+06
-1.114705490129479673e+06
-1.084705490129479673e+06
-1.054705490129479673e+06
-1.024705490129479673e+06
-9.947054901294796728e+05
-9.647054901294796728e+05
-9.347054901294796728e+05
-9.047054901294796728e+05
-8.747054901294796728e+05
-8.447054901294796728e+05
-8.147054901294796728e+05
-7.847054901294796728e+05
-7.547054901294796728e+05
-7.247054901294796728e+05
-6.947054901294796728e+05
-6.647054901294796728e+05
-6.347054901294796728e+05
-6.047054901294796728e+05
-5.747054901294796728e+05
-5.447054901294796728e+05
-5.147054901294796728e+05
-4.847054901294796728e+05
-4.547054901294796728e+05
-4.247054901294796728e+05
-3.947054901294796728e+05
-3.647054901294796728e+05
-3.347054901294796728e+05
-3.047054901294796728e+05
-2.747054901294796728e+05
-2.447054901294796728e+05
-2.147054901294796728e+05
-1.847054901294796728e+05
-1.547054901294796728e+05
-1.247054901294796728e+05
-9.470549012947967276e+04
-6.470549012947967276e+04
-3.470549012947967276e+04
-4.705490129479672760e+03
2.529450987052032724e+04
5.529450987052032724e+04
8.529450987052032724e+04
