6.320820501542494867e+02
3.063208205015424028e+04
6.063208205015422573e+04
9.063208205015421845e+04
1.206320820501542039e+05
1.506320820501541893e+05
1.806320820501541893e+05
2.106320820501541602e+05
2.406320820501541602e+05
2.706320820501541602e+05
3.006320820501541602e+05
3.306320820501541602e+05
3.606320820501541602e+05
3.906320820501541602e+05
4.206320820501541020e+05
4.506320820501541020e+05
4.806320820501541020e+05
5.106320820501541020e+05
5.406320820501539856e+05
5.706320820501539856e+05
6.006320820501539856e+05
6.306320820501539856e+05
6.606320820501539856e+05
6.906320820501539856e+05
7.206320820501539856e+05
7.506320820501539856e+05
7.806320820501539856e+05
8.106320820501538692e+05
8.406320820501538692e+05
8.706320820501538692e+05
9.006320820501538692e+05
9.306320820501538692e+05
9.606320820501538692e+05
9.906320820501538692e+05
1.020632082050153869e+06
1.050632082050153753e+06
1.080632082050153753e+06
1.110632082050153753e+06
1.140632082050153753e+06
1.170632082050153753e+06
1.200632082050153753e+06
1.230632082050153753e+06
1.260632082050153753e+06
1.290632082050153753e+06
1.320632082050153753e+06
1.350632082050153753e+06
1.380632082050153753e+06
1.410632082050153753e+06
1.440632082050153753e+06
1.470632082050153753e+06
1.500632082050153753e+06
1.530632082050153753e+06
1.560632082050153753e+06
1.590632082050153753e+06
1.620632082050153520e+06
1.650632082050153520e+06
1.680632082050153520e+06
1.710632082050153520e+06
1.740632082050153520e+06
1.770632082050153520e+06
1.800632082050153520e+06
1.830632082050153520e+06
1.860632082050153520e+06
1.890632082050153520e+06
1.920632082050153520e+06
1.950632082050153520e+06
1.980632082050153520e+06
2.010632082050153520e+06
2.040632082050153520e+06
2.070632082050153520e+06
2.100632082050153520e+06
2.130632082050153520e+06
2.160632082050153520e+06
2.190632082050153520e+06
2.220632082050153520e+06
2.250632082050153520e+06
2.280632082050153520e+06
2.310632082050153520e+06
2.340632082050153520e+06
2.370632082050153520e+06
2.400632082050153520e+06
2.430632082050153520e+06
2.460632082050153520e+06
2.490632082050153520e+06
2.520632082050153520e+06
2.550632082050153520e+06
2.580632082050153520e+06
2.610632082050153520e+06
2.640632082050153520e+06
2.670632082050153520e+06
2.700632082050153520e+06
2.730632082050153520e+06
2.760632082050153520e+06
2.790632082050153520e+06
2.820632082050153520e+06
2.850632082050153520e+06
2.880632082050153520e+06
2.910632082050153520e+06
2.940632082050153520e+06
2.970632082050153520e+06
3.000632082050153520e+06
3.030632082050153520e+06
3.060632082050153520e+06
3.090632082050153520e+06
