-3.004538235502069816e+06
-2.884538235502069816e+06
-2.764538235502069816e+06
-2.644538235502069816e+06
-2.524538235502069816e+06
-2.404538235502069816e+06
-2.284538235502069816e+06
-2.164538235502069816e+06
-2.044538235502069816e+06
-1.924538235502069816e+06
-1.804538235502069816e+06
-1.684538235502069816e+06
-1.564538235502069816e+06
-1.444538235502069816e+06
-1.324538235502069816e+06
-1.204538235502069816e+06
-1.084538235502069816e+06
-9.645382355020698160e+05
-8.445382355020698160e+05
-7.245382355020698160e+05
-6.045382355020698160e+05
-4.845382355020698160e+05
-3.645382355020698160e+05
-2.445382355020698160e+05
-1.245382355020698160e+05
-4.538235502069815993e+03
1.154617644979301840e+05
