1.911247810877223969e+02
6.191124781087720294e+03
1.219112478108771938e+04
1.819112478108771393e+04
2.419112478108771393e+04
3.019112478108771393e+04
3.619112478108771029e+04
4.219112478108771029e+04
4.819112478108771029e+04
5.419112478108771029e+04
6.019112478108771029e+04
6.619112478108771029e+04
7.219112478108769574e+04
7.819112478108769574e+04
8.419112478108769574e+04
9.019112478108769574e+04
9.619112478108769574e+04
1.021911247810876957e+05
1.081911247810876957e+05
1.141911247810876957e+05
1.201911247810876957e+05
1.261911247810876812e+05
1.321911247810876812e+05
1.381911247810876812e+05
1.441911247810876521e+05
1.501911247810876521e+05
1.561911247810876521e+05
1.621911247810876521e+05
1.681911247810876521e+05
1.741911247810876521e+05
1.801911247810876521e+05
1.861911247810876521e+05
1.921911247810876521e+05
1.981911247810876521e+05
2.041911247810876521e+05
2.101911247810876521e+05
2.161911247810876521e+05
2.221911247810876521e+05
2.281911247810876521e+05
2.341911247810876521e+05
2.401911247810876521e+05
2.461911247810876230e+05
2.521911247810876230e+05
2.581911247810876230e+05
2.641911247810876812e+05
2.701911247810876812e+05
2.761911247810876812e+05
2.821911247810876812e+05
2.881911247810876230e+05
2.941911247810876230e+05
3.001911247810876230e+05
3.061911247810876230e+05
3.121911247810876230e+05
3.181911247810876230e+05
3.241911247810876230e+05
3.301911247810876230e+05
3.361911247810876230e+05
3.421911247810876230e+05
3.481911247810876230e+05
3.541911247810876230e+05
3.601911247810876230e+05
3.661911247810876230e+05
3.721911247810876230e+05
3.781911247810876230e+05
3.841911247810876230e+05
3.901911247810876230e+05
3.961911247810876230e+05
4.021911247810876230e+05
4.081911247810876230e+05
4.141911247810876230e+05
4.201911247810876230e+05
4.261911247810876230e+05
4.321911247810876230e+05
4.381911247810876230e+05
4.441911247810876230e+05
4.501911247810876230e+05
4.561911247810876230e+05
4.621911247810876230e+05
4.681911247810876230e+05
4.741911247810876230e+05
4.801911247810876230e+05
4.861911247810875648e+05
4.921911247810875648e+05
4.981911247810875648e+05
5.041911247810875648e+05
5.101911247810875648e+05
5.161911247810875648e+05
5.221911247810875648e+05
5.281911247810876230e+05
5.341911247810876230e+05
5.401911247810876230e+05
5.461911247810876230e+05
5.521911247810876230e+05
5.581911247810876230e+05
5.641911247810876230e+05
5.701911247810876230e+05
5.761911247810875066e+05
5.821911247810875066e+05
5.881911247810875066e+05
5.941911247810875066e+05
6.001911247810875066e+05
6.061911247810875066e+05
6.121911247810875066e+05
6.181911247810875066e+05
6.241911247810875066e+05
6.301911247810875066e+05
6.361911247810875066e+05
6.421911247810875066e+05
6.481911247810875066e+05
6.541911247810875066e+05
6.601911247810875066e+05
6.661911247810875066e+05
6.721911247810875066e+05
6.781911247810875066e+05
6.841911247810875066e+05
6.901911247810875066e+05
