4.338133981882712760e+03
1.243381339818826527e+05
2.443381339818825945e+05
3.643381339818825363e+05
4.843381339818824781e+05
6.043381339818824781e+05
7.243381339818823617e+05
8.443381339818822453e+05
9.643381339818822453e+05
1.084338133981882362e+06
1.204338133981882362e+06
1.324338133981882129e+06
1.444338133981882129e+06
1.564338133981882129e+06
1.684338133981881896e+06
1.804338133981881896e+06
1.924338133981881896e+06
2.044338133981881896e+06
2.164338133981881663e+06
2.284338133981881663e+06
2.404338133981881663e+06
2.524338133981881198e+06
2.644338133981881198e+06
2.764338133981881198e+06
