3.188364545468626238e+04 2.000000000000000000e+03
3.145734944423653724e+04 6.000000000000000000e+03
3.000000000000000000e+04 7.928823758500391705e+03
2.602057260520702403e+04 1.000000000000000000e+04
2.600000000000000000e+04 1.004564527194985021e+04
2.413809776111088286e+04 1.400000000000000000e+04
2.209719029045101706e+04 1.800000000000000000e+04
2.200000000000000000e+04 1.810953211706523871e+04
2.109509903982182368e+04 2.200000000000000000e+04
1.970723371628063978e+04 2.600000000000000000e+04
1.828427580342421061e+04 3.000000000000000000e+04
1.800000000000000000e+04 3.035653438382195236e+04
1.514980769818726185e+04 3.400000000000000000e+04
1.400000000000000000e+04 3.492002244635470561e+04
1.255813173355653453e+04 3.800000000000000000e+04
1.004880880485500893e+04 4.200000000000000000e+04
1.000000000000000000e+04 4.205285329392057611e+04
8.748361297440667840e+03 4.600000000000000000e+04
8.221962566787397009e+03 5.000000000000000000e+04
6.000000000000000000e+03 5.210762751187915273e+04
4.194473319697684019e+03 5.400000000000000000e+04
2.217280681766089856e+03 5.800000000000000000e+04
2.000000000000000000e+03 5.825401719077241432e+04
-1.003219061818406317e+02 6.200000000000000000e+04
-2.000000000000000000e+03 6.402480067176569719e+04
-3.975205228158679347e+03 6.600000000000000000e+04
-5.806403797682672121e+03 7.000000000000000000e+04
-6.000000000000000000e+03 7.036216105183193577e+04
-7.803757218627932161e+03 7.400000000000000000e+04
-1.000000000000000000e+04 7.633966908995000995e+04
-1.166199890280993532e+04 7.800000000000000000e+04
-1.400000000000000000e+04 8.038147060968556616e+04
-1.647251017138304451e+04 8.200000000000000000e+04
-1.800000000000000000e+04 8.362542045671174128e+04
-1.955374745379464366e+04 8.600000000000000000e+04
-2.197725299512257698e+04 9.000000000000000000e+04
-2.200000000000000000e+04 9.002108629848381679e+04
-2.598087008772096669e+04 9.400000000000000000e+04
-2.600000000000000000e+04 9.402014848005432577e+04
-3.000000000000000000e+04 9.640824686331044359e+04
-3.158781102864854984e+04 9.800000000000000000e+04
-3.400000000000000000e+04 1.001933992483542825e+05
-3.800000000000000000e+04 1.017206908436511585e+05
-3.828094797360798839e+04 1.020000000000000000e+05
-4.139396118015429238e+04 1.060000000000000000e+05
-4.200000000000000000e+04 1.064370636778859189e+05
-4.578189465250187641e+04 1.100000000000000000e+05
-4.600000000000000000e+04 1.102145304025692603e+05
-4.999184201872836275e+04 1.140000000000000000e+05
-5.000000000000000000e+04 1.140080901774848899e+05
-5.399262766112549434e+04 1.180000000000000000e+05
-5.400000000000000000e+04 1.180031199237653345e+05
-5.800000000000000000e+04 1.200188224050805438e+05
-6.196049270661856281e+04 1.220000000000000000e+05
-6.200000000000000000e+04 1.220388174058608274e+05
-6.599311053721405915e+04 1.260000000000000000e+05
-6.600000000000000000e+04 1.260035994822805660e+05
-7.000000000000000000e+04 1.280075600868857291e+05
-7.399704296497485484e+04 1.300000000000000000e+05
-7.400000000000000000e+04 1.300029352379183692e+05
-7.800000000000000000e+04 1.320676518208111229e+05
-8.198981731525193027e+04 1.340000000000000000e+05
-8.200000000000000000e+04 1.340058173535200185e+05
-8.600000000000000000e+04 1.361515213367476827e+05
-8.998802366034455190e+04 1.380000000000000000e+05
-9.000000000000000000e+04 1.380103172007128887e+05
-9.400000000000000000e+04 1.401901921050466772e+05
-9.799535962577145256e+04 1.420000000000000000e+05
-9.800000000000000000e+04 1.420023688550399675e+05
-1.020000000000000000e+05 1.441578582067007374e+05
-1.059993871310770628e+05 1.460000000000000000e+05
-1.060000000000000000e+05 1.460003081834879413e+05
-1.100000000000000000e+05 1.480636075168211246e+05
-1.140000000000000000e+05 1.490311005358318507e+05
-1.155601694001116266e+05 1.500000000000000000e+05
-1.180000000000000000e+05 1.515525302914361528e+05
-1.220000000000000000e+05 1.528481479427359300e+05
-1.259769344032443041e+05 1.540000000000000000e+05
-1.260000000000000000e+05 1.540103889570100000e+05
-1.300000000000000000e+05 1.555584656010508188e+05
-1.340000000000000000e+05 1.568942657918152108e+05
-1.377223939250051044e+05 1.580000000000000000e+05
-1.380000000000000000e+05 1.581211882209488540e+05
-1.420000000000000000e+05 1.586613975475656625e+05
-1.460000000000000000e+05 1.608341232751880307e+05
-1.500000000000000000e+05 1.613261965076102933e+05
-1.529200021333661571e+05 1.620000000000000000e+05
-1.540000000000000000e+05 1.624649562451970123e+05
-1.580000000000000000e+05 1.641338657312297146e+05
-1.620000000000000000e+05 1.649021237453721405e+05
-1.660000000000000000e+05 1.660985487971290422e+05
-1.700000000000000000e+05 1.664484088790424867e+05
-1.740000000000000000e+05 1.680712011860888451e+05
-1.780000000000000000e+05 1.683558674411639804e+05
-1.820000000000000000e+05 1.689698005107021017e+05
-1.860000000000000000e+05 1.701405744732060411e+05
-1.900000000000000000e+05 1.703382892514438718e+05
-1.940000000000000000e+05 1.705378600771222555e+05
-1.980000000000000000e+05 1.720808095092760632e+05
-2.020000000000000000e+05 1.722176198843524326e+05
-2.060000000000000000e+05 1.723285031782527512e+05
-2.100000000000000000e+05 1.728449457890094200e+05
-2.140000000000000000e+05 1.728995449193647073e+05
-2.180000000000000000e+05 1.729452293101256655e+05
-2.220000000000000000e+05 1.740345135966102825e+05
-2.260000000000000000e+05 1.740712153537293198e+05
-2.300000000000000000e+05 1.740894438281194307e+05
-2.340000000000000000e+05 1.740833526011803187e+05
-2.380000000000000000e+05 1.740565512098430190e+05
-2.420000000000000000e+05 1.740067618059198139e+05
-2.460000000000000000e+05 1.740000162126445794e+05
-2.500000000000000000e+05 1.728297679553837515e+05
-2.540000000000000000e+05 1.727836091914895806e+05
-2.580000000000000000e+05 1.721938065016104956e+05
-2.620000000000000000e+05 1.720616603746011388e+05
-2.660000000000000000e+05 1.720024878046311787e+05
-2.700000000000000000e+05 1.701813346132237348e+05
-2.740000000000000000e+05 1.700298470831371087e+05
-2.780000000000000000e+05 1.700000239310775360e+05
-2.820000000000000000e+05 1.681679665213792177e+05
-2.860000000000000000e+05 1.680089947165177728e+05
-2.900000000000000000e+05 1.661325534640171682e+05
-2.940000000000000000e+05 1.660008671346649935e+05
-2.980000000000000000e+05 1.640930182762561599e+05
-3.020000000000000000e+05 1.640048336588036618e+05
-3.060000000000000000e+05 1.620604598144874035e+05
-3.061205734992629732e+05 1.620000000000000000e+05
-3.100000000000000000e+05 1.600956393226090004e+05
-3.140000000000000000e+05 1.581401510143241903e+05
-3.142708115694741136e+05 1.580000000000000000e+05
-3.180000000000000000e+05 1.567493774378295348e+05
-3.220000000000000000e+05 1.540755964557662664e+05
-3.260000000000000000e+05 1.540000102100892691e+05
-3.260000207283489872e+05 1.540000000000000000e+05
-3.300000000000000000e+05 1.505043580356131424e+05
-3.340000000000000000e+05 1.500099001690540754e+05
-3.340207176285900059e+05 1.500000000000000000e+05
-3.380000000000000000e+05 1.463800320574352518e+05
-3.420000000000000000e+05 1.460195244088613545e+05
-3.420385922644833918e+05 1.460000000000000000e+05
-3.460000000000000000e+05 1.422964887366890616e+05
-3.463313060193059500e+05 1.420000000000000000e+05
-3.500000000000000000e+05 1.401656691231064906e+05
-3.540000000000000000e+05 1.380485099777062715e+05
-3.540939869144174154e+05 1.380000000000000000e+05
-3.580000000000000000e+05 1.344034668221840984e+05
-3.584212842232121038e+05 1.340000000000000000e+05
-3.620000000000000000e+05 1.304960204477405059e+05
-3.625231705343790818e+05 1.300000000000000000e+05
-3.660000000000000000e+05 1.281777162647042423e+05
-3.681390675259554409e+05 1.260000000000000000e+05
-3.700000000000000000e+05 1.241884347910963843e+05
-3.716288952892970992e+05 1.220000000000000000e+05
-3.740000000000000000e+05 1.180995619394539099e+05
-3.741567722425319371e+05 1.180000000000000000e+05
-3.780000000000000000e+05 1.160000219343367062e+05
-3.820000000000000000e+05 1.140797755112104496e+05
-3.821502863046287093e+05 1.140000000000000000e+05
-3.860000000000000000e+05 1.100000111159238877e+05
-3.860000055656083277e+05 1.100000000000000000e+05
-3.864730664289559354e+05 1.060000000000000000e+05
-3.900000000000000000e+05 1.024495944506292872e+05
-3.904730838327242527e+05 1.020000000000000000e+05
-3.940000000000000000e+05 9.889738168481794128e+04
-3.947900543478099862e+05 9.800000000000000000e+04
-3.980000000000000000e+05 9.421101563882602204e+04
-3.981162931921961135e+05 9.400000000000000000e+04
-3.995254306555074872e+05 9.000000000000000000e+04
-4.020000000000000000e+05 8.649862520351349667e+04
-4.024180074070808478e+05 8.600000000000000000e+04
-4.060000000000000000e+05 8.200000953673009644e+04
-4.060000066474237829e+05 8.200000000000000000e+04
-4.080003748038680642e+05 7.800000000000000000e+04
-4.100000000000000000e+05 7.400000787073111860e+04
-4.100000096387245576e+05 7.400000000000000000e+04
-4.121965605316939182e+05 7.000000000000000000e+04
-4.140000000000000000e+05 6.716246659386633837e+04
-4.146874199247782817e+05 6.600000000000000000e+04
-4.162907772680189810e+05 6.200000000000000000e+04
-4.180000000000000000e+05 5.807945954136412911e+04
-4.180387133886860101e+05 5.800000000000000000e+04
-4.194746909429490915e+05 5.400000000000000000e+04
-4.220000000000000000e+05 5.002058385862727300e+04
-4.220095755418785848e+05 5.000000000000000000e+04
-4.229119526247464819e+05 4.600000000000000000e+04
-4.243005670279094484e+05 4.200000000000000000e+04
-4.243809201105204411e+05 3.800000000000000000e+04
-4.260000000000000000e+05 3.419952837555245787e+04
-4.260965728963394649e+05 3.400000000000000000e+04
-4.266075280157392262e+05 3.000000000000000000e+04
-4.282555947345970781e+05 2.600000000000000000e+04
-4.282540803541594651e+05 2.200000000000000000e+04
-4.300000000000000000e+05 1.800001252962421859e+04
-4.300000060285293730e+05 1.800000000000000000e+04
-4.301281655696787639e+05 1.400000000000000000e+04
-4.301760977569763782e+05 1.000000000000000000e+04
-4.301680616567257675e+05 6.000000000000000000e+03
-4.301219276216379949e+05 2.000000000000000000e+03
