-1.267386642838241532e+05
-1.257486642838241532e+05
-1.247586642838241532e+05
-1.237686642838241532e+05
-1.227786642838241532e+05
-1.217886642838241532e+05
-1.207986642838241532e+05
-1.198086642838241532e+05
-1.188186642838241532e+05
-1.178286642838241532e+05
-1.168386642838241532e+05
-1.158486642838241532e+05
-1.148586642838241532e+05
-1.138686642838241532e+05
-1.128786642838241532e+05
-1.118886642838241532e+05
-1.108986642838241532e+05
-1.099086642838241532e+05
-1.089186642838241532e+05
-1.079286642838241532e+05
-1.069386642838241532e+05
-1.059486642838241532e+05
-1.049586642838241532e+05
-1.039686642838241532e+05
-1.029786642838241532e+05
-1.019886642838241532e+05
-1.009986642838241532e+05
-1.000086642838241532e+05
-9.901866428382415324e+04
-9.802866428382415324e+04
-9.703866428382415324e+04
-9.604866428382415324e+04
-9.505866428382415324e+04
-9.406866428382415324e+04
-9.307866428382415324e+04
-9.208866428382415324e+04
-9.109866428382415324e+04
-9.010866428382415324e+04
-8.911866428382415324e+04
-8.812866428382415324e+04
-8.713866428382415324e+04
-8.614866428382415324e+04
-8.515866428382415324e+04
-8.416866428382415324e+04
-8.317866428382415324e+04
-8.218866428382415324e+04
-8.119866428382415324e+04
-8.020866428382415324e+04
-7.921866428382415324e+04
-7.822866428382415324e+04
-7.723866428382415324e+04
-7.624866428382415324e+04
-7.525866428382415324e+04
-7.426866428382415324e+04
-7.327866428382415324e+04
-7.228866428382415324e+04
-7.129866428382415324e+04
-7.030866428382415324e+04
-6.931866428382415324e+04
-6.832866428382415324e+04
-6.733866428382415324e+04
-6.634866428382415324e+04
-6.535866428382415324e+04
-6.436866428382415324e+04
-6.337866428382415324e+04
-6.238866428382415324e+04
-6.139866428382415324e+04
-6.040866428382415324e+04
-5.941866428382415324e+04
-5.842866428382415324e+04
-5.743866428382415324e+04
-5.644866428382415324e+04
-5.545866428382415324e+04
-5.446866428382415324e+04
-5.347866428382415324e+04
-5.248866428382415324e+04
-5.149866428382415324e+04
-5.050866428382415324e+04
-4.951866428382415324e+04
-4.852866428382415324e+04
-4.753866428382415324e+04
-4.654866428382415324e+04
-4.555866428382415324e+04
-4.456866428382415324e+04
-4.357866428382415324e+04
-4.258866428382415324e+04
-4.159866428382415324e+04
-4.060866428382415324e+04
-3.961866428382415324e+04
-3.862866428382415324e+04
-3.763866428382415324e+04
-3.664866428382415324e+04
-3.565866428382415324e+04
-3.466866428382415324e+04
-3.367866428382415324e+04
-3.268866428382415324e+04
-3.169866428382415324e+04
-3.070866428382415324e+04
-2.971866428382415324e+04
-2.872866428382415324e+04
-2.773866428382415324e+04
-2.674866428382415324e+04
-2.575866428382415324e+04
-2.476866428382415324e+04
-2.377866428382415324e+04
-2.278866428382415324e+04
-2.179866428382415324e+04
-2.080866428382415324e+04
-1.981866428382415324e+04
-1.882866428382415324e+04
-1.783866428382415324e+04
-1.684866428382415324e+04
-1.585866428382415324e+04
-1.486866428382415324e+04
-1.387866428382415324e+04
-1.288866428382415324e+04
-1.189866428382415324e+04
-1.090866428382415324e+04
-9.918664283824153244e+03
-8.928664283824153244e+03
-7.938664283824153244e+03
-6.948664283824153244e+03
-5.958664283824153244e+03
-4.968664283824153244e+03
-3.978664283824153244e+03
-2.988664283824153244e+03
-1.998664283824153244e+03
-1.008664283824153244e+03
-1.866428382415324450e+01
9.713357161758467555e+02
1.961335716175846756e+03
2.951335716175846756e+03
3.941335716175846756e+03
4.931335716175846756e+03
5.921335716175846756e+03
6.911335716175846756e+03
7.901335716175846756e+03
8.891335716175846756e+03
9.881335716175846756e+03
1.087133571617584676e+04
1.186133571617584676e+04
1.285133571617584676e+04
1.384133571617584676e+04
1.483133571617584676e+04
1.582133571617584676e+04
1.681133571617584676e+04
1.780133571617584676e+04
1.879133571617584676e+04
1.978133571617584676e+04
2.077133571617584676e+04
2.176133571617584676e+04
2.275133571617584676e+04
2.374133571617584676e+04
2.473133571617584676e+04
2.572133571617584676e+04
2.671133571617584676e+04
2.770133571617584676e+04
2.869133571617584676e+04
2.968133571617584676e+04
3.067133571617584676e+04
3.166133571617584676e+04
3.265133571617584676e+04
3.364133571617584676e+04
3.463133571617584676e+04
3.562133571617584676e+04
3.661133571617584676e+04
3.760133571617584676e+04
3.859133571617584676e+04
3.958133571617584676e+04
4.057133571617584676e+04
4.156133571617584676e+04
4.255133571617584676e+04
4.354133571617584676e+04
4.453133571617584676e+04
4.552133571617584676e+04
4.651133571617584676e+04
4.750133571617584676e+04
4.849133571617584676e+04
4.948133571617584676e+04
5.047133571617584676e+04
5.146133571617584676e+04
5.245133571617584676e+04
5.344133571617584676e+04
5.443133571617584676e+04
5.542133571617584676e+04
5.641133571617584676e+04
5.740133571617584676e+04
5.839133571617584676e+04
5.938133571617584676e+04
6.037133571617584676e+04
6.136133571617584676e+04
6.235133571617584676e+04
6.334133571617584676e+04
6.433133571617584676e+04
6.532133571617584676e+04
6.631133571617584676e+04
6.730133571617584676e+04
6.829133571617584676e+04
6.928133571617584676e+04
7.027133571617584676e+04
7.126133571617584676e+04
7.225133571617584676e+04
7.324133571617584676e+04
7.423133571617584676e+04
7.522133571617584676e+04
7.621133571617584676e+04
7.720133571617584676e+04
7.819133571617584676e+04
7.918133571617584676e+04
8.017133571617584676e+04
8.116133571617584676e+04
8.215133571617584676e+04
8.314133571617584676e+04
8.413133571617584676e+04
8.512133571617584676e+04
8.611133571617584676e+04
8.710133571617584676e+04
8.809133571617584676e+04
8.908133571617584676e+04
9.007133571617584676e+04
9.106133571617584676e+04
9.205133571617584676e+04
9.304133571617584676e+04
9.403133571617584676e+04
9.502133571617584676e+04
9.601133571617584676e+04
9.700133571617584676e+04
9.799133571617584676e+04
9.898133571617584676e+04
9.997133571617584676e+04
1.009613357161758468e+05
1.019513357161758468e+05
1.029413357161758468e+05
1.039313357161758468e+05
1.049213357161758468e+05
1.059113357161758468e+05
1.069013357161758468e+05
1.078913357161758468e+05
1.088813357161758468e+05
1.098713357161758468e+05
1.108613357161758468e+05
1.118513357161758468e+05
1.128413357161758468e+05
