-1.366707978355288506e+05
-1.356807978355288506e+05
-1.346907978355288506e+05
-1.337007978355288506e+05
-1.327107978355288506e+05
-1.317207978355288506e+05
-1.307307978355288506e+05
-1.297407978355288506e+05
-1.287507978355288506e+05
-1.277607978355288506e+05
-1.267707978355288506e+05
-1.257807978355288506e+05
-1.247907978355288506e+05
-1.238007978355288506e+05
-1.228107978355288506e+05
-1.218207978355288506e+05
-1.208307978355288506e+05
-1.198407978355288506e+05
-1.188507978355288506e+05
-1.178607978355288506e+05
-1.168707978355288506e+05
-1.158807978355288506e+05
-1.148907978355288506e+05
-1.139007978355288506e+05
-1.129107978355288506e+05
-1.119207978355288506e+05
-1.109307978355288506e+05
-1.099407978355288506e+05
-1.089507978355288506e+05
-1.079607978355288506e+05
-1.069707978355288506e+05
-1.059807978355288506e+05
-1.049907978355288506e+05
-1.040007978355288506e+05
-1.030107978355288506e+05
-1.020207978355288506e+05
-1.010307978355288506e+05
-1.000407978355288506e+05
-9.905079783552885056e+04
-9.806079783552885056e+04
-9.707079783552885056e+04
-9.608079783552885056e+04
-9.509079783552885056e+04
-9.410079783552885056e+04
-9.311079783552885056e+04
-9.212079783552885056e+04
-9.113079783552885056e+04
-9.014079783552885056e+04
-8.915079783552885056e+04
-8.816079783552885056e+04
-8.717079783552885056e+04
-8.618079783552885056e+04
-8.519079783552885056e+04
-8.420079783552885056e+04
-8.321079783552885056e+04
-8.222079783552885056e+04
-8.123079783552885056e+04
-8.024079783552885056e+04
-7.925079783552885056e+04
-7.826079783552885056e+04
-7.727079783552885056e+04
-7.628079783552885056e+04
-7.529079783552885056e+04
-7.430079783552885056e+04
-7.331079783552885056e+04
-7.232079783552885056e+04
-7.133079783552885056e+04
-7.034079783552885056e+04
-6.935079783552885056e+04
-6.836079783552885056e+04
-6.737079783552885056e+04
-6.638079783552885056e+04
-6.539079783552885056e+04
-6.440079783552885056e+04
-6.341079783552885056e+04
-6.242079783552885056e+04
-6.143079783552885056e+04
-6.044079783552885056e+04
-5.945079783552885056e+04
-5.846079783552885056e+04
-5.747079783552885056e+04
-5.648079783552885056e+04
-5.549079783552885056e+04
-5.450079783552885056e+04
-5.351079783552885056e+04
-5.252079783552885056e+04
-5.153079783552885056e+04
-5.054079783552885056e+04
-4.955079783552885056e+04
-4.856079783552885056e+04
-4.757079783552885056e+04
-4.658079783552885056e+04
-4.559079783552885056e+04
-4.460079783552885056e+04
-4.361079783552885056e+04
-4.262079783552885056e+04
-4.163079783552885056e+04
-4.064079783552885056e+04
-3.965079783552885056e+04
-3.866079783552885056e+04
-3.767079783552885056e+04
-3.668079783552885056e+04
-3.569079783552885056e+04
-3.470079783552885056e+04
-3.371079783552885056e+04
-3.272079783552885056e+04
-3.173079783552885056e+04
-3.074079783552885056e+04
-2.975079783552885056e+04
-2.876079783552885056e+04
-2.777079783552885056e+04
-2.678079783552885056e+04
-2.579079783552885056e+04
-2.480079783552885056e+04
-2.381079783552885056e+04
-2.282079783552885056e+04
-2.183079783552885056e+04
-2.084079783552885056e+04
-1.985079783552885056e+04
-1.886079783552885056e+04
-1.787079783552885056e+04
-1.688079783552885056e+04
-1.589079783552885056e+04
-1.490079783552885056e+04
-1.391079783552885056e+04
-1.292079783552885056e+04
-1.193079783552885056e+04
-1.094079783552885056e+04
-9.950797835528850555e+03
-8.960797835528850555e+03
-7.970797835528850555e+03
-6.980797835528850555e+03
-5.990797835528850555e+03
-5.000797835528850555e+03
-4.010797835528850555e+03
-3.020797835528850555e+03
-2.030797835528850555e+03
-1.040797835528850555e+03
-5.079783552885055542e+01
9.392021644711494446e+02
1.929202164471149445e+03
2.919202164471149445e+03
3.909202164471149445e+03
4.899202164471149445e+03
5.889202164471149445e+03
6.879202164471149445e+03
7.869202164471149445e+03
8.859202164471149445e+03
9.849202164471149445e+03
1.083920216447114944e+04
1.182920216447114944e+04
1.281920216447114944e+04
1.380920216447114944e+04
1.479920216447114944e+04
1.578920216447114944e+04
1.677920216447114944e+04
1.776920216447114944e+04
1.875920216447114944e+04
1.974920216447114944e+04
2.073920216447114944e+04
2.172920216447114944e+04
2.271920216447114944e+04
2.370920216447114944e+04
2.469920216447114944e+04
2.568920216447114944e+04
2.667920216447114944e+04
2.766920216447114944e+04
2.865920216447114944e+04
2.964920216447114944e+04
3.063920216447114944e+04
3.162920216447114944e+04
3.261920216447114944e+04
3.360920216447114944e+04
3.459920216447114944e+04
3.558920216447114944e+04
3.657920216447114944e+04
3.756920216447114944e+04
3.855920216447114944e+04
3.954920216447114944e+04
4.053920216447114944e+04
4.152920216447114944e+04
4.251920216447114944e+04
4.350920216447114944e+04
4.449920216447114944e+04
4.548920216447114944e+04
4.647920216447114944e+04
4.746920216447114944e+04
4.845920216447114944e+04
4.944920216447114944e+04
5.043920216447114944e+04
5.142920216447114944e+04
5.241920216447114944e+04
5.340920216447114944e+04
5.439920216447114944e+04
5.538920216447114944e+04
5.637920216447114944e+04
5.736920216447114944e+04
5.835920216447114944e+04
5.934920216447114944e+04
6.033920216447114944e+04
6.132920216447114944e+04
6.231920216447114944e+04
6.330920216447114944e+04
6.429920216447114944e+04
6.528920216447114944e+04
6.627920216447114944e+04
6.726920216447114944e+04
6.825920216447114944e+04
6.924920216447114944e+04
7.023920216447114944e+04
7.122920216447114944e+04
7.221920216447114944e+04
7.320920216447114944e+04
7.419920216447114944e+04
7.518920216447114944e+04
7.617920216447114944e+04
7.716920216447114944e+04
7.815920216447114944e+04
7.914920216447114944e+04
8.013920216447114944e+04
8.112920216447114944e+04
8.211920216447114944e+04
8.310920216447114944e+04
8.409920216447114944e+04
8.508920216447114944e+04
8.607920216447114944e+04
8.706920216447114944e+04
8.805920216447114944e+04
8.904920216447114944e+04
9.003920216447114944e+04
9.102920216447114944e+04
9.201920216447114944e+04
9.300920216447114944e+04
9.399920216447114944e+04
9.498920216447114944e+04
9.597920216447114944e+04
9.696920216447114944e+04
9.795920216447114944e+04
9.894920216447114944e+04
9.993920216447114944e+04
1.009292021644711494e+05
1.019192021644711494e+05
1.029092021644711494e+05
1.038992021644711494e+05
1.048892021644711494e+05
1.058792021644711494e+05
1.068692021644711494e+05
1.078592021644711494e+05
1.088492021644711494e+05
1.098392021644711494e+05
1.108292021644711494e+05
1.118192021644711494e+05
1.128092021644711494e+05
1.137992021644711494e+05
1.147892021644711494e+05
1.157792021644711494e+05
1.167692021644711494e+05
1.177592021644711494e+05
1.187492021644711494e+05
1.197392021644711494e+05
1.207292021644711494e+05
1.217192021644711494e+05
1.227092021644711494e+05
1.236992021644711494e+05
1.246892021644711494e+05
1.256792021644711494e+05
1.266692021644711494e+05
1.276592021644711494e+05
1.286492021644711494e+05
1.296392021644711494e+05
1.306292021644711494e+05
1.316192021644711494e+05
1.326092021644711494e+05
1.335992021644711494e+05
1.345892021644711494e+05
1.355792021644711494e+05
1.365692021644711494e+05
