-9.394414813006007171e+04
-9.295414813006007171e+04
-9.196414813006007171e+04
-9.097414813006007171e+04
-8.998414813006007171e+04
-8.899414813006007171e+04
-8.800414813006007171e+04
-8.701414813006007171e+04
-8.602414813006007171e+04
-8.503414813006007171e+04
-8.404414813006007171e+04
-8.305414813006007171e+04
-8.206414813006007171e+04
-8.107414813006007171e+04
-8.008414813006007171e+04
-7.909414813006007171e+04
-7.810414813006007171e+04
-7.711414813006007171e+04
-7.612414813006007171e+04
-7.513414813006007171e+04
-7.414414813006007171e+04
-7.315414813006007171e+04
-7.216414813006007171e+04
-7.117414813006007171e+04
-7.018414813006007171e+04
-6.919414813006007171e+04
-6.820414813006007171e+04
-6.721414813006007171e+04
-6.622414813006007171e+04
-6.523414813006007171e+04
-6.424414813006007171e+04
-6.325414813006007171e+04
-6.226414813006007171e+04
-6.127414813006007171e+04
-6.028414813006007171e+04
-5.929414813006007171e+04
-5.830414813006007171e+04
-5.731414813006007171e+04
-5.632414813006007171e+04
-5.533414813006007171e+04
-5.434414813006007171e+04
-5.335414813006007171e+04
-5.236414813006007171e+04
-5.137414813006007171e+04
-5.038414813006007171e+04
-4.939414813006007171e+04
-4.840414813006007171e+04
-4.741414813006007171e+04
-4.642414813006007171e+04
-4.543414813006007171e+04
-4.444414813006007171e+04
-4.345414813006007171e+04
-4.246414813006007171e+04
-4.147414813006007171e+04
-4.048414813006007171e+04
-3.949414813006007171e+04
-3.850414813006007171e+04
-3.751414813006007171e+04
-3.652414813006007171e+04
-3.553414813006007171e+04
-3.454414813006007171e+04
-3.355414813006007171e+04
-3.256414813006007171e+04
-3.157414813006007171e+04
-3.058414813006007171e+04
-2.959414813006007171e+04
-2.860414813006007171e+04
-2.761414813006007171e+04
-2.662414813006007171e+04
-2.563414813006007171e+04
-2.464414813006007171e+04
-2.365414813006007171e+04
-2.266414813006007171e+04
-2.167414813006007171e+04
-2.068414813006007171e+04
-1.969414813006007171e+04
-1.870414813006007171e+04
-1.771414813006007171e+04
-1.672414813006007171e+04
-1.573414813006007171e+04
-1.474414813006007171e+04
-1.375414813006007171e+04
-1.276414813006007171e+04
-1.177414813006007171e+04
-1.078414813006007171e+04
-9.794148130060071708e+03
-8.804148130060071708e+03
-7.814148130060071708e+03
-6.824148130060071708e+03
-5.834148130060071708e+03
-4.844148130060071708e+03
-3.854148130060071708e+03
-2.864148130060071708e+03
-1.874148130060071708e+03
-8.841481300600717077e+02
1.058518699399282923e+02
1.095851869939928292e+03
2.085851869939928292e+03
3.075851869939928292e+03
4.065851869939928292e+03
5.055851869939928292e+03
6.045851869939928292e+03
7.035851869939928292e+03
8.025851869939928292e+03
9.015851869939928292e+03
1.000585186993992829e+04
1.099585186993992829e+04
1.198585186993992829e+04
1.297585186993992829e+04
1.396585186993992829e+04
1.495585186993992829e+04
1.594585186993992829e+04
1.693585186993992829e+04
1.792585186993992829e+04
1.891585186993992829e+04
1.990585186993992829e+04
2.089585186993992829e+04
2.188585186993992829e+04
2.287585186993992829e+04
2.386585186993992829e+04
2.485585186993992829e+04
2.584585186993992829e+04
2.683585186993992829e+04
2.782585186993992829e+04
2.881585186993992829e+04
2.980585186993992829e+04
3.079585186993992829e+04
3.178585186993992829e+04
3.277585186993992829e+04
3.376585186993992829e+04
3.475585186993992829e+04
3.574585186993992829e+04
3.673585186993992829e+04
3.772585186993992829e+04
3.871585186993992829e+04
3.970585186993992829e+04
4.069585186993992829e+04
4.168585186993992829e+04
4.267585186993992829e+04
4.366585186993992829e+04
4.465585186993992829e+04
4.564585186993992829e+04
4.663585186993992829e+04
4.762585186993992829e+04
4.861585186993992829e+04
4.960585186993992829e+04
5.059585186993992829e+04
5.158585186993992829e+04
5.257585186993992829e+04
5.356585186993992829e+04
5.455585186993992829e+04
5.554585186993992829e+04
5.653585186993992829e+04
5.752585186993992829e+04
5.851585186993992829e+04
5.950585186993992829e+04
6.049585186993992829e+04
6.148585186993992829e+04
6.247585186993992829e+04
6.346585186993992829e+04
6.445585186993992829e+04
6.544585186993992829e+04
6.643585186993992829e+04
6.742585186993992829e+04
6.841585186993992829e+04
6.940585186993992829e+04
7.039585186993992829e+04
7.138585186993992829e+04
7.237585186993992829e+04
7.336585186993992829e+04
7.435585186993992829e+04
7.534585186993992829e+04
7.633585186993992829e+04
7.732585186993992829e+04
7.831585186993992829e+04
7.930585186993992829e+04
8.029585186993992829e+04
8.128585186993992829e+04
8.227585186993992829e+04
8.326585186993992829e+04
8.425585186993992829e+04
8.524585186993992829e+04
8.623585186993992829e+04
8.722585186993992829e+04
8.821585186993992829e+04
8.920585186993992829e+04
9.019585186993992829e+04
9.118585186993992829e+04
9.217585186993992829e+04
9.316585186993992829e+04
9.415585186993992829e+04
9.514585186993992829e+04
9.613585186993992829e+04
9.712585186993992829e+04
9.811585186993992829e+04
9.910585186993992829e+04
1.000958518699399283e+05
1.010858518699399283e+05
1.020758518699399283e+05
1.030658518699399283e+05
1.040558518699399283e+05
1.050458518699399283e+05
1.060358518699399283e+05
1.070258518699399283e+05
1.080158518699399283e+05
1.090058518699399283e+05
1.099958518699399283e+05
1.109858518699399283e+05
1.119758518699399283e+05
1.129658518699399283e+05
1.139558518699399283e+05
1.149458518699399283e+05
1.159358518699399283e+05
1.169258518699399283e+05
1.179158518699399283e+05
1.189058518699399283e+05
1.198958518699399283e+05
1.208858518699399283e+05
1.218758518699399283e+05
1.228658518699399283e+05
1.238558518699399283e+05
1.248458518699399283e+05
1.258358518699399283e+05
1.268258518699399283e+05
1.278158518699399283e+05
1.288058518699399283e+05
1.297958518699399283e+05
1.307858518699399283e+05
1.317758518699399428e+05
1.327658518699399428e+05
1.337558518699399428e+05
1.347458518699399428e+05
1.357358518699399428e+05
1.367258518699399428e+05
