-2.412449019452827415e+01
9.658755098054715518e+02
1.955875509805471211e+03
2.945875509805470756e+03
3.935875509805470756e+03
4.925875509805470756e+03
5.915875509805469846e+03
6.905875509805469846e+03
7.895875509805469846e+03
8.885875509805469846e+03
9.875875509805469846e+03
1.086587550980546985e+04
1.185587550980546803e+04
1.284587550980546803e+04
1.383587550980546803e+04
1.482587550980546803e+04
1.581587550980546803e+04
1.680587550980546803e+04
1.779587550980546803e+04
1.878587550980546803e+04
1.977587550980546803e+04
2.076587550980546803e+04
2.175587550980546803e+04
2.274587550980546803e+04
2.373587550980546439e+04
2.472587550980546439e+04
2.571587550980546439e+04
2.670587550980546439e+04
2.769587550980546439e+04
2.868587550980546439e+04
2.967587550980546439e+04
3.066587550980546439e+04
3.165587550980546439e+04
3.264587550980546439e+04
3.363587550980546803e+04
3.462587550980546803e+04
3.561587550980546803e+04
3.660587550980546803e+04
3.759587550980546803e+04
3.858587550980546803e+04
3.957587550980546803e+04
4.056587550980546803e+04
4.155587550980546803e+04
4.254587550980546803e+04
4.353587550980546803e+04
4.452587550980546803e+04
4.551587550980546803e+04
4.650587550980546803e+04
4.749587550980546075e+04
4.848587550980546075e+04
4.947587550980546075e+04
5.046587550980546075e+04
5.145587550980546075e+04
5.244587550980546075e+04
5.343587550980546075e+04
5.442587550980546075e+04
5.541587550980546075e+04
5.640587550980546075e+04
5.739587550980546075e+04
5.838587550980546075e+04
5.937587550980546075e+04
6.036587550980546075e+04
6.135587550980546075e+04
6.234587550980546075e+04
6.333587550980546075e+04
6.432587550980546075e+04
6.531587550980546075e+04
6.630587550980545348e+04
6.729587550980545348e+04
6.828587550980545348e+04
6.927587550980545348e+04
7.026587550980545348e+04
7.125587550980545348e+04
7.224587550980545348e+04
7.323587550980545348e+04
7.422587550980545348e+04
7.521587550980545348e+04
7.620587550980545348e+04
7.719587550980545348e+04
7.818587550980545348e+04
7.917587550980545348e+04
8.016587550980545348e+04
8.115587550980545348e+04
8.214587550980545348e+04
8.313587550980545348e+04
8.412587550980545348e+04
8.511587550980545348e+04
8.610587550980545348e+04
8.709587550980545348e+04
8.808587550980545348e+04
8.907587550980545348e+04
9.006587550980545348e+04
9.105587550980545348e+04
9.204587550980545348e+04
9.303587550980545348e+04
9.402587550980545348e+04
9.501587550980543892e+04
9.600587550980543892e+04
9.699587550980543892e+04
9.798587550980543892e+04
9.897587550980543892e+04
9.996587550980543892e+04
1.009558755098054389e+05
1.019458755098054389e+05
1.029358755098054389e+05
1.039258755098054389e+05
1.049158755098054389e+05
1.059058755098054389e+05
1.068958755098054389e+05
1.078858755098054389e+05
1.088758755098054389e+05
1.098658755098054389e+05
1.108558755098054389e+05
1.118458755098054389e+05
1.128358755098054389e+05
1.138258755098054389e+05
1.148158755098054389e+05
1.158058755098054389e+05
1.167958755098054389e+05
1.177858755098054389e+05
1.187758755098054389e+05
1.197658755098054389e+05
1.207558755098054389e+05
1.217458755098054389e+05
1.227358755098054389e+05
1.237258755098054389e+05
1.247158755098054389e+05
1.257058755098054389e+05
1.266958755098054389e+05
1.276858755098054389e+05
1.286758755098054389e+05
1.296658755098054389e+05
1.306558755098054389e+05
1.316458755098054535e+05
1.326358755098054535e+05
1.336258755098054535e+05
1.346158755098054535e+05
1.356058755098054535e+05
1.365958755098054535e+05
1.375858755098054535e+05
1.385758755098054535e+05
1.395658755098054535e+05
1.405558755098054535e+05
1.415458755098054535e+05
1.425358755098054535e+05
1.435258755098054535e+05
1.445158755098054535e+05
1.455058755098054535e+05
1.464958755098054535e+05
1.474858755098054535e+05
1.484758755098054535e+05
1.494658755098054535e+05
1.504558755098054535e+05
1.514458755098054535e+05
1.524358755098054535e+05
1.534258755098054535e+05
1.544158755098054535e+05
1.554058755098054535e+05
1.563958755098054535e+05
1.573858755098054535e+05
1.583758755098054535e+05
1.593658755098054535e+05
1.603558755098054535e+05
1.613458755098054535e+05
1.623358755098054535e+05
1.633258755098054535e+05
1.643158755098054535e+05
1.653058755098054535e+05
1.662958755098054535e+05
1.672858755098054535e+05
1.682758755098054535e+05
1.692658755098054535e+05
1.702558755098054535e+05
1.712458755098054535e+05
1.722358755098054535e+05
1.732258755098054535e+05
1.742158755098054535e+05
1.752058755098054535e+05
1.761958755098054535e+05
1.771858755098054535e+05
1.781758755098054535e+05
1.791658755098054535e+05
1.801558755098054535e+05
1.811458755098054535e+05
1.821358755098054535e+05
1.831258755098054535e+05
1.841158755098054535e+05
1.851058755098054535e+05
1.860958755098054535e+05
1.870858755098054535e+05
1.880758755098054535e+05
1.890658755098054535e+05
1.900558755098054244e+05
1.910458755098054244e+05
1.920358755098054244e+05
1.930258755098054244e+05
1.940158755098054244e+05
1.950058755098054244e+05
1.959958755098054244e+05
1.969858755098054244e+05
1.979758755098054244e+05
1.989658755098054244e+05
1.999558755098054244e+05
2.009458755098054244e+05
2.019358755098054244e+05
2.029258755098054244e+05
2.039158755098054244e+05
